
instance time incumbent bks
==========Running script at 2025-12-18 20:49:26==========
had14 4.73 2732.0 2724
sko42 23.04 16062.0 15812
lipa20a 7.43 3715.0 3683
bur26g 9.76 10291530.0 10117172
nug12 4.51 582.0 578
nug22 8.08 3660.0 3596
nug16a 5.37 1610.0 1610
nug24 8.75 3488.0 3488
tai25a 9.25 1183690.0 1167256
had18 6.56 5418.0 5358
tai30a 11.49 1853648.0 1818146
ste36c 19.02 8736236.0 8239110
tai15b 5.18 51958141.0 51765268
tai64c 44.81 1855928.0 1855928
esc16h 5.33 996.0 996
tho40 21.68 248484.0 240516
tai150b 354.66 514623769.0 498896643
tai80b 83.14 860761803.0 818415043
chr18a 6.58 11142.0 11098
lipa80a 82.95 256283.0 253195
tai50b 30.58 465128346.0 458821517
lipa60a 40.49 108728.0 107218
bur26a 9.78 5504644.0 5426670
lipa30a 11.49 13408.0 13178
esc16c 5.32 160.0 160
sko100a 136.32 155690.0 152002
wil100 136.49 277530.0 273038
esc16a 5.28 70.0 68
bur26b 9.76 3865027.0 3817852
tho30 11.51 153284.0 149936
rou12 4.56 235528.0 235528
esc16e 5.29 28.0 28
bur26h 9.78 7239702.0 7098658
chr12a 4.54 9552.0 9552
nug21 7.67 2460.0 2438
chr22a 8.15 6754.0 6156
lipa60b 40.44 2520135.0 2520135
scr20 7.45 111136.0 110030
esc32e 12.75 2.0 2
rou20 7.43 730712.0 725522
sko49 29.60 23700.0 23386
tho150 354.66 8380038.0 8133398
chr25a 9.40 5168.0 3796
tai100a 148.17 21633436.0 21052466
nug18 15.58 1938.0 1930
nug14 14.07 1014.0 1014
chr15b 9.09 9156.0 7990
sko72 70.61 67550.0 66256
esc16j 5.41 8.0 8
tai60b 40.73 621994932.0 608215054
els19 7.09 19298846.0 17212548
lipa70a 67.84 171907.0 169755
tai50a 31.62 5082662.0 4938796
nug30 11.67 6182.0 6124
sko81 89.39 93204.0 90998
nug17 6.57 1736.0 1732
sko100b 137.27 157400.0 153890
scr15 5.35 51140.0 51140
esc32g 13.01 6.0 6
nug20 7.61 2584.0 2570
wil50 31.71 49518.0 48816
sko56 42.07 35336.0 34458
lipa20b 11.09 27076.0 27076
kra32 13.07 91750.0 88900
nug28 10.76 5206.0 5166
kra30a 11.79 90890.0 88900
tai30b 11.76 641546392.0 637117113
chr20c 7.58 16162.0 14142
lipa70b 77.85 4603200.0 4603200
bur26d 20.23 3886263.0 3821225
lipa30b 36.80 151426.0 151426
bur26f 30.91 3858677.0 3782044
tai15a 14.12 389718.0 388214
bur26c 35.54 5519209.0 5426795
esc16b 28.16 292.0 292
chr20a 30.81 2260.0 2192
lipa80b 110.92 7763962.0 7763962
had20 29.64 7014.0 6922

==========Running script at 2025-12-18 21:47:49==========
bur26a 9.76 5504644.0 5426670
bur26b 9.76 3865027.0 3817852
bur26c 9.75 5519209.0 5426795
bur26d 9.75 3886263.0 3821225
bur26e 9.75 5506741.0 5386879
bur26f 9.75 3858677.0 3782044
bur26g 9.76 10291530.0 10117172
bur26h 9.76 7239702.0 7098658
chr12a 4.53 9552.0 9552
chr12b 4.52 9742.0 9742
chr12c 4.53 11156.0 11156
chr15a 5.15 10024.0 9896
chr15b 5.15 9156.0 7990
chr15c 5.15 9504.0 9504
chr18a 6.56 11142.0 11098
chr18b 6.58 1534.0 1534
chr20a 7.48 2260.0 2192
chr20b 7.44 2478.0 2298
chr20c 7.50 16162.0 14142
chr22a 8.12 6754.0 6156
chr22b 8.13 6742.0 6194
chr25a 9.29 5168.0 3796
els19 7.00 19298846.0 17212548
esc128 221.29 64.0 64
esc16a 5.29 70.0 68
esc16b 5.30 292.0 292
esc16c 5.31 160.0 160
esc16d 5.28 16.0 16
esc16e 5.27 28.0 28
esc16f 5.26 0.0 0
esc16g 5.30 26.0 26
esc16h 5.31 996.0 996
esc16i 5.29 14.0 14
esc16j 5.28 8.0 8
esc32e 12.75 2.0 2
esc32g 12.76 6.0 6
had12 4.52 1666.0 1652
had14 4.74 2732.0 2724
had16 5.31 3724.0 3720
had18 6.57 5418.0 5358
had20 7.41 7014.0 6922
kra30a 11.50 90890.0 88900
kra30b 11.52 92790.0 91420
kra32 12.79 91750.0 88900
lipa20a 7.42 3715.0 3683
lipa20b 7.39 27076.0 27076
lipa30a 11.50 13408.0 13178
lipa30b 11.49 151426.0 151426
lipa40a 21.59 32060.0 31538
lipa40b 21.63 476581.0 476581
lipa50a 30.06 63081.0 62093
lipa50b 30.08 1210244.0 1210244
lipa60a 40.47 108728.0 107218
lipa60b 40.44 2520135.0 2520135
lipa70a 67.74 171907.0 169755
lipa70b 67.71 4603200.0 4603200
lipa80a 83.07 256283.0 253195
lipa80b 83.07 7763962.0 7763962
lipa90a 106.66 364710.0 360630
lipa90b 106.62 12490441.0 12490441
nug12 4.52 582.0 578
nug14 4.73 1014.0 1014
nug15 5.15 1150.0 1150
nug16a 5.30 1610.0 1610
nug16b 5.29 1240.0 1240
nug17 6.46 1736.0 1732
nug18 6.57 1938.0 1930
nug20 7.42 2584.0 2570
nug21 7.73 2460.0 2438
nug22 8.09 3660.0 3596
nug24 8.74 3488.0 3488
nug25 9.26 3758.0 3744
nug27 10.20 5294.0 5234
nug28 10.49 5206.0 5166
nug30 11.47 6182.0 6124
rou12 4.51 235528.0 235528
rou15 5.12 354210.0 354210
rou20 7.39 730712.0 725522
scr12 4.52 31410.0 31410
scr15 5.15 51140.0 51140
scr20 7.46 111136.0 110030
sko100a 136.64 155690.0 152002
sko100b 144.61 157400.0 153890
sko100c 150.46 151116.0 147862
sko100d 136.90 152868.0 149576
sko100e 136.97 152974.0 149150
sko100f 137.07 152406.0 149036
sko42 23.24 16062.0 15812
sko49 30.47 23700.0 23386
sko56 36.25 35336.0 34458
sko64 45.12 49514.0 48498
sko72 70.27 67550.0 66256
sko81 89.39 93204.0 90998
sko90 110.92 118274.0 115534
ste36b 19.54 17804.0 15852
ste36c 19.22 8736236.0 8239110
tai100a 156.89 21633436.0 21052466
tai100b 178.23 1252777990.0 1185996137
tai12a 25.75 224416.0 224416
tai12b 25.69 39925019.0 39464925
tai150b 424.25 514623769.0 498896643
tai15a 5.72 389718.0 388214
tai15b 13.42 51958141.0 51765268
tai17a 28.78 493662.0 491812
tai20a 30.87 709642.0 703482
tai20b 29.46 124252260.0 122455319
tai256c 1312.96 44927280.0 44759294
tai25a 32.11 1183690.0 1167256
tai25b 32.85 350958367.0 344355646
tai30a 23.60 1853648.0 1818146
tai30b 35.53 641546392.0 637117113
tai35a 39.71 2479638.0 2422002
tai35b 39.93 289483566.0 283315445
tai40a 43.53 3211010.0 3139370
tai40b 43.79 649308121.0 637250948
tai50a 60.39 5082662.0 4938796
tai50b 56.64 465128346.0 458821517
tai60a 53.79 7425700.0 7205962
tai60b 74.35 621994932.0 608215054
tai64c 80.11 1855928.0 1855928
tai80a 123.69 13918738.0 13499184
tai80b 124.22 860761803.0 818415043
tho150 435.46 8380038.0 8133398
tho30 37.10 153284.0 149936
tho40 44.03 248484.0 240516
wil100 169.61 277530.0 273038
wil50 61.53 49518.0 48816
==========Running script at 2025-12-20 17:17:17, seed 42, iters 2000, batch_size 2000, optimizer rmsprop==========
bur26a 7.83 5500913.0 5426670 0.0137
bur26b 7.85 3865027.0 3817852 0.0124
bur26c 7.82 5517774.0 5426795 0.0168
bur26d 7.84 3882144.0 3821225 0.0159
bur26e 7.86 5479981.0 5386879 0.0173
bur26f 7.85 3855261.0 3782044 0.0194
bur26g 7.84 10262330.0 10117172 0.0143
bur26h 7.82 7196607.0 7098658 0.0138
chr12a 2.96 9552.0 9552 0.0000
chr12b 2.99 9742.0 9742 0.0000
chr12c 2.98 11156.0 11156 0.0000
chr15a 3.44 9936.0 9896 0.0040
chr15b 3.43 7990.0 7990 0.0000
chr15c 3.42 9940.0 9504 0.0459
chr18a 4.91 11142.0 11098 0.0040
chr18b 4.91 1534.0 1534 0.0000
chr20a 5.55 2224.0 2192 0.0146
chr20b 5.55 2418.0 2298 0.0522
chr20c 5.55 15880.0 14142 0.1229
chr22a 6.06 6702.0 6156 0.0887
chr22b 6.07 6690.0 6194 0.0801
chr25a 7.54 4744.0 3796 0.2497
els19 5.32 19298846.0 17212548 0.1212
esc128 156.14 64.0 64 0.0000
esc16a 3.77 72.0 68 0.0588
esc16b 3.69 292.0 292 0.0000
esc16c 3.70 160.0 160 0.0000
esc16d 3.69 16.0 16 0.0000
esc16e 3.68 28.0 28 0.0000
esc16g 3.69 26.0 26 0.0000
esc16h 3.68 996.0 996 0.0000
esc16i 3.72 14.0 14 0.0000
esc16j 3.69 8.0 8 0.0000
esc32e 10.95 2.0 2 0.0000
esc32g 10.89 6.0 6 0.0000
had12 2.97 1676.0 1652 0.0145
had14 3.30 2748.0 2724 0.0088
had16 3.69 3724.0 3720 0.0011
had18 4.90 5418.0 5358 0.0112
had20 5.55 6984.0 6922 0.0090
kra30a 9.58 90890.0 88900 0.0224
kra30b 9.51 92490.0 91420 0.0117
kra32 10.88 90950.0 88900 0.0231
lipa20a 5.56 3757.0 3683 0.0201
lipa20b 5.57 27076.0 27076 0.0000
lipa30a 9.51 13441.0 13178 0.0200
lipa30b 9.52 151426.0 151426 0.0000
lipa40a 21.99 32093.0 31538 0.0176
lipa40b 21.94 476581.0 476581 0.0000
lipa50a 36.10 63072.0 62093 0.0158
lipa50b 36.01 1210244.0 1210244 0.0000
lipa60a 49.43 108708.0 107218 0.0139
lipa60b 49.48 2520135.0 2520135 0.0000
lipa70a 85.66 171904.0 169755 0.0127
lipa70b 43.10 4603200.0 4603200 0.0000
lipa80a 112.25 256289.0 253195 0.0122
lipa80b 56.41 7763962.0 7763962 0.0000
lipa90a 146.94 364655.0 360630 0.0112
lipa90b 73.75 12490441.0 12490441 0.0000
nug12 2.98 578.0 578 0.0000
nug14 3.24 1014.0 1014 0.0000
nug15 3.42 1150.0 1150 0.0000
nug16a 3.70 1610.0 1610 0.0000
nug16b 3.69 1240.0 1240 0.0000
nug17 4.76 1736.0 1732 0.0023
nug18 4.91 1936.0 1930 0.0031
nug20 5.54 2584.0 2570 0.0054
nug21 5.91 2460.0 2438 0.0090
nug22 6.07 3686.0 3596 0.0250
nug24 7.11 3488.0 3488 0.0000
nug25 7.57 3758.0 3744 0.0037
nug27 8.33 5294.0 5234 0.0115
nug28 8.63 5212.0 5166 0.0089
nug30 9.51 6164.0 6124 0.0065
rou12 2.97 235528.0 235528 0.0000
rou15 3.42 354210.0 354210 0.0000
rou20 5.55 728512.0 725522 0.0041
scr12 2.97 31410.0 31410 0.0000
scr15 3.41 51140.0 51140 0.0000
scr20 5.54 111136.0 110030 0.0101
sko100a 97.78 155556.0 152002 0.0234
sko100b 97.77 157376.0 153890 0.0227
sko100c 97.80 151256.0 147862 0.0230
sko100d 97.81 152868.0 149576 0.0220
sko100e 97.94 152386.0 149150 0.0217
sko100f 98.05 152372.0 149036 0.0224
sko42 23.73 16062.0 15812 0.0158
sko49 34.73 23700.0 23386 0.0134
sko56 41.99 35254.0 34458 0.0231
sko64 54.96 49522.0 48498 0.0211
sko72 91.36 67550.0 66256 0.0195
sko81 120.01 92774.0 90998 0.0195
sko90 73.66 118274.0 115534 0.0237
ste36b 19.17 17340.0 15852 0.0939
ste36c 19.08 8738590.0 8239110 0.0606
tai100a 97.95 21712350.0 21052466 0.0313
tai100b 97.89 1252777990.0 1185996137 0.0563
tai12a 2.97 224416.0 224416 0.0000
tai12b 2.97 39925019.0 39464925 0.0117
tai150b 255.14 513946892.0 498896643 0.0302
tai15a 3.43 389718.0 388214 0.0039
tai15b 3.42 51958141.0 51765268 0.0037
tai17a 4.70 491812.0 491812 0.0000
tai20a 5.56 709080.0 703482 0.0080
tai20b 5.54 123715743.0 122455319 0.0103
tai256c 912.66 44975848.0 44759294 0.0048
tai25a 7.57 1172026.0 1167256 0.0041
tai25b 7.57 350958367.0 344355646 0.0192
tai30a 9.52 1853648.0 1818146 0.0195
tai30b 9.53 641546392.0 637117113 0.0070
tai35a 18.59 2474764.0 2422002 0.0218
tai35b 18.50 289483566.0 283315445 0.0218
tai40a 21.94 3211010.0 3139370 0.0228
tai40b 21.93 649220143.0 637250948 0.0188
tai50a 35.99 5082662.0 4938796 0.0291
tai50b 36.01 465128346.0 458821517 0.0137
tai60a 49.43 7425700.0 7205962 0.0305
tai60b 49.45 621994932.0 608215054 0.0227
tai64c 54.90 1855928.0 1855928 0.0000
tai80a 56.36 13944416.0 13499184 0.0330
tai80b 112.22 860761803.0 818415043 0.0517
tho150 255.06 8380038.0 8133398 0.0303
tho30 9.52 153278.0 149936 0.0223
tho40 21.93 248484.0 240516 0.0331
wil100 97.96 277562.0 273038 0.0166
wil50 36.00 49474.0 48816 0.0135
==========Running script at 2025-12-21 12:23:34, seed 42, iters 2000, batch_size 2000, optimizer adam==========
bur26a 7.83 5526274.0 5426670 0.0184
bur26b 7.83 3883959.0 3817852 0.0173
bur26c 7.82 5536163.0 5426795 0.0202
bur26d 7.83 3884175.0 3821225 0.0165
bur26e 7.85 5488898.0 5386879 0.0189
bur26f 7.83 3856128.0 3782044 0.0196
bur26g 7.82 10281957.0 10117172 0.0163
bur26h 7.83 7218011.0 7098658 0.0168
chr12a 2.96 9552.0 9552 0.0000
chr12b 2.95 9762.0 9742 0.0021
chr12c 2.98 11156.0 11156 0.0000
chr15a 3.40 10120.0 9896 0.0226
chr15b 3.41 9616.0 7990 0.2035
chr15c 3.40 9940.0 9504 0.0459
chr18a 4.90 11588.0 11098 0.0442
chr18b 4.90 1534.0 1534 0.0000
chr20a 5.55 2518.0 2192 0.1487
chr20b 5.54 2484.0 2298 0.0809
chr20c 5.54 16232.0 14142 0.1478
chr22a 6.06 6860.0 6156 0.1144
chr22b 6.07 6854.0 6194 0.1066
chr25a 7.56 4920.0 3796 0.2961
els19 5.32 19687736.0 17212548 0.1438
esc128 154.63 64.0 64 0.0000
esc16a 3.67 72.0 68 0.0588
esc16b 3.68 292.0 292 0.0000
esc16c 3.67 160.0 160 0.0000
esc16d 3.68 16.0 16 0.0000
esc16e 3.68 28.0 28 0.0000
esc16g 3.68 26.0 26 0.0000
esc16h 3.67 996.0 996 0.0000
esc16i 3.68 14.0 14 0.0000
esc16j 3.68 8.0 8 0.0000
esc32e 10.84 2.0 2 0.0000
esc32g 10.86 6.0 6 0.0000
had12 2.97 1680.0 1652 0.0169
had14 3.23 2770.0 2724 0.0169
had16 3.68 3754.0 3720 0.0091
had18 4.88 5424.0 5358 0.0123
had20 5.54 7008.0 6922 0.0124
kra30a 9.49 92200.0 88900 0.0371
kra30b 9.49 93420.0 91420 0.0219
kra32 10.84 91750.0 88900 0.0321
lipa20a 5.54 3842.0 3683 0.0432
lipa20b 5.54 27076.0 27076 0.0000
lipa30a 9.50 13598.0 13178 0.0319
lipa30b 9.49 151426.0 151426 0.0000
lipa40a 21.65 32354.0 31538 0.0259
lipa40b 21.64 476581.0 476581 0.0000
lipa50a 35.43 63522.0 62093 0.0230
lipa50b 35.43 1210244.0 1210244 0.0000
lipa60a 48.66 109353.0 107218 0.0199
lipa60b 48.72 2520135.0 2520135 0.0000
lipa70a 84.62 172661.0 169755 0.0171
lipa70b 84.64 5631656.0 4603200 0.2234
lipa80a 111.04 257291.0 253195 0.0162
lipa80b 111.02 9602676.0 7763962 0.2368
lipa90a 145.30 365944.0 360630 0.0147
lipa90b 145.38 15479317.0 12490441 0.2393
nug12 2.95 582.0 578 0.0069
nug14 3.22 1014.0 1014 0.0000
nug15 3.41 1150.0 1150 0.0000
nug16a 3.68 1610.0 1610 0.0000
nug16b 3.68 1240.0 1240 0.0000
nug17 4.70 1742.0 1732 0.0058
nug18 4.89 1960.0 1930 0.0155
nug20 5.56 2594.0 2570 0.0093
nug21 5.84 2460.0 2438 0.0090
nug22 6.07 3670.0 3596 0.0206
nug24 7.04 3560.0 3488 0.0206
nug25 7.55 3760.0 3744 0.0043
nug27 8.29 5294.0 5234 0.0115
nug28 8.56 5304.0 5166 0.0267
nug30 9.52 6240.0 6124 0.0189
rou12 2.97 235528.0 235528 0.0000
rou15 3.41 354210.0 354210 0.0000
rou20 5.54 736414.0 725522 0.0150
scr12 2.96 31410.0 31410 0.0000
scr15 3.41 51140.0 51140 0.0000
scr20 5.55 112286.0 110030 0.0205
sko100a 96.88 158346.0 152002 0.0417
sko100b 97.02 160218.0 153890 0.0411
sko100c 97.00 153798.0 147862 0.0401
sko100d 97.09 155650.0 149576 0.0406
sko100e 97.09 155444.0 149150 0.0422
sko100f 97.02 155074.0 149036 0.0405
sko42 23.33 16134.0 15812 0.0204
sko49 34.15 23864.0 23386 0.0204
sko56 41.23 35402.0 34458 0.0274
sko64 54.20 49692.0 48498 0.0246
sko72 90.68 67932.0 66256 0.0253
sko81 119.53 93192.0 90998 0.0241
sko90 145.78 118852.0 115534 0.0287
ste36b 18.96 17616.0 15852 0.1113
ste36c 18.96 8746548.0 8239110 0.0616
tai100a 96.99 22806806.0 21052466 0.0833
tai100b 97.02 1275762572.0 1185996137 0.0757
tai12a 2.96 224416.0 224416 0.0000
tai12b 2.97 40818454.0 39464925 0.0343
tai150b 252.95 521380074.0 498896643 0.0451
tai15a 3.42 389718.0 388214 0.0039
tai15b 3.41 52541286.0 51765268 0.0150
tai17a 4.73 501734.0 491812 0.0202
tai20a 5.56 719436.0 703482 0.0227
tai20b 5.56 124345588.0 122455319 0.0154
nug12 4.40 578.0 578 0.0000
bur26a 6.88 5374631.0 5426670 -0.0096
bur26a 6.71 5374631.0 5426670 -0.0096
bur26a 6.90 5374631.0 5426670 -0.0096
tai256c 926.49 45238810.0 44759294 0.0107
tai25a 7.59 1204930.0 1167256 0.0323
tai25b 7.59 351118414.0 344355646 0.0196
tai30a 9.54 1886862.0 1818146 0.0378
tai30b 9.54 642546205.0 637117113 0.0085
tai35a 18.40 2515834.0 2422002 0.0387
tai35b 18.39 291518619.0 283315445 0.0290
tai40a 21.70 3282772.0 3139370 0.0457
tai40b 21.70 649383420.0 637250948 0.0190
tai50a 35.53 5173126.0 4938796 0.0474
tai50b 35.54 468530984.0 458821517 0.0212
tai60a 48.79 7579906.0 7205962 0.0519
tai60b 48.77 630134588.0 608215054 0.0360
tai64c 54.18 1860702.0 1855928 0.0026
tai80a 111.08 14217520.0 13499184 0.0532
tai80b 111.08 861717806.0 818415043 0.0529
tho150 252.94 8558732.0 8133398 0.0523
tho30 9.53 155494.0 149936 0.0371
tho40 21.71 250458.0 240516 0.0413
wil100 97.00 282030.0 273038 0.0329
wil50 35.52 49770.0 48816 0.0195
bur26a 5.65 5500400.0 5426670 0.0136
bur26a 7.19 5503603.0 5426670 0.0142
bur26b 7.18 3867070.0 3817852 0.0129
bur26b 4.80 3871151.0 3817852 0.0140
==========Running script at 2025-12-21 15:19:02, seed 42, iters 2000, batch_size 2000, optimizer adam==========
==========Running script at 2025-12-21 15:19:22, seed 42, iters 2000, batch_size 2000, optimizer adam==========
bur26a 7.89 5508467.0 5426670 0.0151
bur26b 7.88 3874947.0 3817852 0.0150
bur26c 7.87 5521921.0 5426795 0.0175
bur26d 7.87 3885213.0 3821225 0.0167
==========Running script at 2025-12-21 15:21:52, seed 42, iters 2000, batch_size 2000, optimizer adam==========
bur26a 7.86 5508467.0 5426670 0.0151
bur26b 7.85 3874947.0 3817852 0.0150
bur26c 7.87 5521921.0 5426795 0.0175
bur26d 7.87 3885213.0 3821225 0.0167
bur26e 7.87 5487669.0 5386879 0.0187
bur26f 7.87 3866720.0 3782044 0.0224
bur26g 7.86 10302661.0 10117172 0.0183
bur26h 7.85 7229102.0 7098658 0.0184
chr12a 3.00 9552.0 9552 0.0000
chr12b 3.00 9762.0 9742 0.0021
chr12c 3.00 11156.0 11156 0.0000
chr15a 3.44 10120.0 9896 0.0226
chr15b 3.43 9616.0 7990 0.2035
chr15c 3.45 9940.0 9504 0.0459
chr18a 4.94 11588.0 11098 0.0442
chr18b 4.93 1534.0 1534 0.0000
chr20a 5.59 2518.0 2192 0.1487
chr20b 5.58 2484.0 2298 0.0809
chr20c 5.57 16232.0 14142 0.1478
chr22a 6.11 6860.0 6156 0.1144
chr22b 6.10 6854.0 6194 0.1066
chr25a 7.60 4920.0 3796 0.2961
els19 5.35 19687736.0 17212548 0.1438
==========Running script at 2025-12-21 15:25:56, seed 42, iters 2000, batch_size 2000, optimizer rmsprop==========
bur26a 7.85 5493080.0 5426670 0.0122
bur26b 7.84 3869812.0 3817852 0.0136
bur26c 7.85 5504340.0 5426795 0.0143
bur26d 7.84 3874908.0 3821225 0.0140
bur26e 7.84 5497644.0 5386879 0.0206
bur26f 7.84 3870834.0 3782044 0.0235
bur26g 7.85 10276755.0 10117172 0.0158
bur26h 7.85 7235203.0 7098658 0.0192
chr12a 3.03 9552.0 9552 0.0000
chr12b 3.03 9742.0 9742 0.0000
chr12c 3.04 11156.0 11156 0.0000
chr15a 3.45 9936.0 9896 0.0040
chr15b 3.45 7990.0 7990 0.0000
chr15c 3.46 9940.0 9504 0.0459
chr18a 4.94 11142.0 11098 0.0040
chr18b 4.94 1534.0 1534 0.0000
chr20a 5.58 2224.0 2192 0.0146
chr20b 5.58 2418.0 2298 0.0522
chr20c 5.57 15880.0 14142 0.1229
chr22a 6.10 6702.0 6156 0.0887
chr22b 6.10 6690.0 6194 0.0801
chr25a 7.59 4744.0 3796 0.2497
els19 5.35 19298846.0 17212548 0.1212
esc128 157.02 64.0 64 0.0000
esc16a 3.73 72.0 68 0.0588
esc16b 3.74 292.0 292 0.0000
esc16c 3.72 160.0 160 0.0000
esc16d 3.72 16.0 16 0.0000
esc16e 3.74 28.0 28 0.0000
esc16g 3.72 26.0 26 0.0000
esc16h 3.72 996.0 996 0.0000
esc16i 3.72 14.0 14 0.0000
esc16j 3.71 8.0 8 0.0000
esc32e 10.93 2.0 2 0.0000
esc32g 10.93 6.0 6 0.0000
had12 3.02 1676.0 1652 0.0145
had14 3.27 2748.0 2724 0.0088
had16 3.71 3724.0 3720 0.0011
had18 4.94 5418.0 5358 0.0112
had20 5.59 6984.0 6922 0.0090
kra30a 9.50 90890.0 88900 0.0224
kra30b 9.50 92490.0 91420 0.0117
kra32 10.93 90950.0 88900 0.0231
lipa20a 5.58 3757.0 3683 0.0201
lipa20b 5.58 27076.0 27076 0.0000
lipa30a 9.52 13441.0 13178 0.0200
lipa30b 9.51 151426.0 151426 0.0000
lipa40a 22.00 32093.0 31538 0.0176
lipa40b 22.07 476581.0 476581 0.0000
lipa50a 36.21 63072.0 62093 0.0158
lipa50b 36.22 1210244.0 1210244 0.0000
lipa60a 49.88 108708.0 107218 0.0139
lipa60b 49.88 2520135.0 2520135 0.0000
==========Running script at 2025-12-21 15:41:07, seed 42, iters 2000, batch_size 2000, optimizer rmsprop==========
bur26a 7.85 5493080.0 5426670 0.0122
bur26b 7.84 3869812.0 3817852 0.0136
==========Running script at 2025-12-21 15:41:42, seed 42, iters 2000, batch_size 2000, optimizer rmsprop==========
==========Running script at 2025-12-21 15:41:54, seed 42, iters 2000, batch_size 2000, optimizer rmsprop==========
bur26a 7.84 5541189.000000001 5426670 0.0211
bur26b 7.84 3915248.9999999995 3817852 0.0255
==========Running script at 2025-12-21 15:42:34, seed 42, iters 2000, batch_size 2000, optimizer rmsprop==========
bur26a 7.82 5509995.0 5426670 0.0154
==========Running script at 2025-12-21 15:42:53, seed 42, iters 4000, batch_size 2000, optimizer rmsprop==========
bur26a 14.90 5509995.0 5426670 0.0154
==========Running script at 2025-12-21 15:44:30, seed 42, iters 2000, batch_size 2000, optimizer rmsprop==========
==========Running script at 2025-12-21 15:47:34, seed 42, iters 2000, batch_size 2000, optimizer rmsprop==========
bur26a 7.83 5504314.0 5426670 0.0143
bur26b 7.84 3867785.9999999995 3817852 0.0131
bur26c 7.84 5513850.0 5426795 0.0160
nug12 9.98 578.0 578 0.0000
nug12 5.42 578.0 578 0.0000
==========Running script at 2025-12-22 13:14:36, seed 42, iters 2000, batch_size 2000, optimizer rmsprop==========
bur26a 14.30 5433491.0 5426670 0.0013
bur26b 14.26 3824979.0 3817852 0.0019
==========Running script at 2025-12-22 13:15:19, seed 42, iters 2000, batch_size 2000, optimizer rmsprop==========
bur26a 27.75 5433491.0 5426670 0.0013
bur26b 27.83 3824979.0 3817852 0.0019
bur26c 27.80 5427417.0 5426795 0.0001
bur26d 27.80 3821281.0 3821225 0.0000
bur26e 27.84 5388238.0 5386879 0.0003
bur26f 27.83 3783232.0 3782044 0.0003
bur26g 27.85 10121398.0 10117172 0.0004
bur26h 27.85 7101070.0 7098658 0.0003
chr12a 11.98 10122.0 9552 0.0597
chr12b 11.97 9742.0 9742 0.0000
chr12c 11.97 11186.0 11156 0.0027
chr15a 13.78 9936.0 9896 0.0040
chr15b 13.79 8990.0 7990 0.1252
chr15c 13.78 9504.0 9504 0.0000
chr18a 17.80 11098.0 11098 0.0000
chr18b 17.75 1534.0 1534 0.0000
chr20a 20.62 2392.0 2192 0.0912
chr20b 20.60 2516.0 2298 0.0949
==========Running script at 2025-12-22 13:22:12, seed 42, iters 5000, batch_size 1000, optimizer rmsprop==========
bur26a 44.04 5434408.0 5426670 0.0014
bur26b 44.08 3825454.0 3817852 0.0020
bur26c 44.15 5427417.0 5426795 0.0001
==========Running script at 2025-12-22 13:24:44, seed 42, iters 3000, batch_size 2000, optimizer rmsprop==========
bur26a 41.50 5433491.0 5426670 0.0013
bur26b 41.57 3824979.0 3817852 0.0019
bur26c 41.51 5427417.0 5426795 0.0001
bur26d 41.45 3821281.0 3821225 0.0000
bur26e 41.52 5388238.0 5386879 0.0003
bur26f 41.51 3783232.0 3782044 0.0003
bur26g 41.50 10121398.0 10117172 0.0004
bur26h 41.51 7101070.0 7098658 0.0003
chr12a 17.54 10096.0 9552 0.0570
chr12b 17.63 9742.0 9742 0.0000
chr12c 17.54 11186.0 11156 0.0027
chr15a 20.33 9936.0 9896 0.0040
chr15b 20.31 8990.0 7990 0.1252
chr15c 20.28 9504.0 9504 0.0000
chr18a 26.25 11098.0 11098 0.0000
chr18b 26.34 1534.0 1534 0.0000
chr20a 30.55 2392.0 2192 0.0912
chr20b 30.53 2516.0 2298 0.0949
chr20c 30.60 14142.0 14142 0.0000
chr22a 33.35 6528.0 6156 0.0604
chr22b 33.28 6554.0 6194 0.0581
chr25a 39.30 4206.0 3796 0.1080
els19 28.53 18035350.0 17212548 0.0478
esc128 1394.64 64.0 64 0.0000
esc16a 22.23 68.0 68 0.0000
esc16b 22.18 292.0 292 0.0000
esc16c 22.25 160.0 160 0.0000
esc16d 22.20 16.0 16 0.0000
esc16e 22.17 28.0 28 0.0000
esc16g 22.19 26.0 26 0.0000
esc16h 22.15 996.0 996 0.0000
esc16i 22.16 14.0 14 0.0000
esc16j 22.16 8.0 8 0.0000
esc32e 62.86 2.0 2 0.0000
esc32g 62.79 6.0 6 0.0000
had12 17.54 1652.0 1652 0.0000
had14 18.83 2724.0 2724 0.0000
had16 22.18 3720.0 3720 0.0000
had18 26.30 5360.0 5358 0.0004
had20 30.60 6924.0 6922 0.0003
kra30a 49.94 88900.0 88900 0.0000
kra30b 49.80 91830.0 91420 0.0045
kra32 62.69 88700.0 88700 0.0000
lipa20a 30.64 3683.0 3683 0.0000
lipa20b 30.57 27076.0 27076 0.0000
lipa30a 49.95 13178.0 13178 0.0000
lipa30b 49.95 151426.0 151426 0.0000
lipa40a 102.46 31920.0 31538 0.0121
lipa40b 102.37 476581.0 476581 0.0000
lipa50a 165.30 62718.0 62093 0.0101
lipa50b 165.35 1210244.0 1210244 0.0000
lipa60a 263.43 108230.0 107218 0.0094
lipa60b 265.59 2520135.0 2520135 0.0000
lipa70a 397.49 171249.0 169755 0.0088
