==========Running script at 2026-01-13 09:45:02, seed 42, iters , batch_size , optimizer log==========
tai125e01 85.55 85.55 39286.0 39820 -0.0134
tai125e02 85.89 85.89 41112.0 41412 -0.0072
tai125e03 85.59 85.59 37014.0 37584 -0.0152
tai125e04 85.68 85.68 37860.0 38942 -0.0278
tai125e05 85.97 85.97 44962.0 44722 0.0054
tai175e01 181.85 181.85 64544.0 68472 -0.0574
tai175e02 181.91 181.91 60456.0 60080 0.0063
tai175e03 181.87 181.86 63434.0 63430 0.0001
tai175e04 181.93 181.93 69674.0 72798 -0.0429
tai175e05 181.79 181.78 57226.0 55474 0.0316
tai343e01 527.00 526.99 162816.0 177300 -0.0817
tai343e02 527.19 527.18 162996.0 173182 -0.0588
tai343e03 527.09 527.08 155976.0 160034 -0.0254
tai343e04 528.55 528.54 181458.0 185590 -0.0223
tai343e05 528.19 528.18 157942.0 165916 -0.0481
tai729e01 646.76 646.75 491970.0 505660 -0.0271
tai729e02 646.75 646.74 498824.0 498402 0.0008
tai729e03 645.40 645.39 435610.0 475894 -0.0846
tai729e04 646.34 646.33 462022.0 477350 -0.0321
tai729e05 646.13 646.11 471304.0 505284 -0.0672