5.8571 6947710.0
6.0337 209672.0
6.2100 203962.0
6.3863 195914.0
6.5626 188654.0
6.9150 184572.0
7.2673 183548.0
7.4434 179820.0
22.7702 178568.0
24.8844 177736.0
25.4127 177480.0
26.2940 175940.0
26.8229 175494.0
29.2888 175224.0
29.4652 175190.0
32.2840 175020.0
33.3413 174544.0
34.0459 173888.0
35.4554 172976.0
37.0409 172768.0
38.6264 172574.0
39.3313 171312.0
39.5074 168934.0
40.9171 168258.0
42.5030 168238.0
42.8549 167370.0
43.5599 166840.0
44.9696 164414.0
46.7318 164002.0
46.9078 160630.0
47.6129 159942.0
47.9653 156438.0
54.6614 155072.0
54.8375 152792.0
59.0663 152628.0
61.0046 152328.0
61.1807 151482.0
61.7094 150170.0
62.4145 148010.0
62.7670 147464.0
62.9432 146550.0
64.1767 143934.0
64.5294 140618.0
66.6440 139866.0
66.8200 139140.0
68.0524 138212.0
68.2287 137888.0
68.4046 137400.0
68.9335 136770.0
69.1094 134032.0
70.1668 133068.0
70.6955 132612.0
71.2244 132396.0
71.4005 132206.0
71.5767 129222.0
71.7531 126408.0
72.1057 126134.0
72.2819 125988.0
72.6344 124398.0
72.8108 123376.0
73.8683 122778.0
74.5730 122546.0
74.7491 121852.0
74.9256 121624.0
75.1018 119466.0
75.4541 118724.0
75.8066 117892.0
76.6879 117130.0
77.0404 114748.0
77.2168 114598.0
77.3931 113956.0
77.5691 113792.0
77.9218 113722.0
78.0980 113058.0
78.4505 110204.0
78.6267 109006.0
78.9789 108904.0
79.1552 108604.0
80.2124 108568.0
80.9170 108300.0
81.0933 107826.0
81.2697 106916.0
81.4458 106234.0
83.0320 105120.0
84.7947 105036.0
84.9708 104528.0
85.1470 103432.0
85.6758 103032.0
85.8521 102028.0
86.0283 101660.0
87.4380 101552.0
88.6717 100218.0
88.8480 99708.0
89.0243 99560.0
89.3766 97860.0
89.7291 96024.0
89.9054 95928.0
90.0818 95278.0
90.2581 95078.0
90.4344 94918.0
90.7872 94872.0
90.9634 94712.0
91.1397 94610.0
91.4922 94586.0
91.6684 93932.0
91.8446 93816.0
92.1972 91178.0
92.3735 90602.0
92.5498 90320.0
92.9024 89612.0
93.0787 89152.0
95.0167 88770.0
95.1929 88744.0
95.7219 88202.0
95.8981 87300.0
96.2507 87110.0
96.4269 86384.0
96.6031 85848.0
96.7795 85444.0
97.1320 85196.0
98.1900 84320.0
98.5424 84312.0
98.7186 84270.0
99.0709 83360.0
99.2473 81832.0
99.7756 81600.0
99.9521 81310.0
100.1284 80176.0
100.4811 79878.0
100.8338 79142.0
101.3627 79024.0
102.7730 78162.0
102.9492 76988.0
103.1256 76890.0
103.3018 76846.0
103.4782 76040.0
103.8309 75508.0
104.0070 75432.0
104.3596 73582.0
104.7122 73558.0
105.0644 73526.0
107.0028 73194.0
108.0601 71308.0
108.4125 70502.0
108.7651 69892.0
109.2937 69798.0
109.9987 69776.0
110.7037 69144.0
110.8802 69102.0
111.0564 68788.0
111.5853 68222.0
111.9379 68126.0
112.4670 68118.0
112.9957 68106.0
113.1719 67440.0
113.3482 67280.0
113.5246 65808.0
113.7007 64422.0
114.0532 63146.0
114.2295 62880.0
114.4058 62812.0
114.5819 62794.0
114.7583 62710.0
117.5775 62594.0
118.8112 62518.0
118.9876 62416.0
119.8687 62272.0
120.0451 62256.0
121.9838 62136.0
122.6886 61322.0
127.6230 61048.0
133.7908 61020.0
136.9633 60976.0
137.3158 60952.0
139.4306 60942.0
140.1352 60914.0
142.2502 60840.0
143.8364 60786.0
146.3058 60782.0
149.1249 60660.0
150.1829 60550.0
153.0032 60510.0
154.0604 60502.0
170.0970 60496.0
175.0327 60456.0
