5.1044 3492520.0
5.1856 122304.0
5.2669 113904.0
5.3482 108904.0
5.4294 108088.0
5.7535 108026.0
6.2392 107740.0
6.4011 106726.0
6.5630 106194.0
6.7249 106108.0
6.8059 105938.0
8.5053 105532.0
8.5863 105400.0
8.7481 105132.0
11.0961 105022.0
11.3389 104786.0
11.7435 103892.0
13.0382 102112.0
14.3333 101520.0
14.7379 101286.0
14.8997 100988.0
15.3852 100890.0
15.5472 100530.0
15.8708 99956.0
15.9517 99738.0
16.0327 99310.0
16.1136 98932.0
17.8943 98054.0
18.0561 97364.0
20.8086 96458.0
21.1322 96266.0
21.8605 95934.0
22.2650 95434.0
23.4784 95318.0
23.8830 95182.0
24.0449 95110.0
24.1258 94680.0
24.2876 93998.0
24.3686 93558.0
24.6923 92638.0
24.8541 91592.0
25.1777 91522.0
26.2292 90900.0
26.3101 90842.0
26.7954 89752.0
27.2809 88386.0
28.1708 88384.0
28.8994 88226.0
29.0613 87906.0
29.2232 87838.0
29.3041 87212.0
29.7896 86358.0
29.8706 86096.0
29.9516 85828.0
30.1135 84460.0
30.1944 84448.0
30.9227 84378.0
31.1655 84124.0
31.2464 83480.0
31.3274 83066.0
31.4083 82990.0
31.6510 81352.0
31.8937 79574.0
31.9746 79228.0
32.2174 76798.0
32.2983 74144.0
32.3793 72900.0
32.4601 72396.0
32.5412 71670.0
32.7031 71660.0
32.7840 71532.0
33.0268 71294.0
34.0794 70090.0
34.2413 69910.0
34.3223 69072.0
34.5653 68960.0
34.8082 67876.0
34.8891 67422.0
35.1322 67366.0
35.2131 67284.0
35.3749 67058.0
35.6177 66946.0
35.8607 66650.0
36.8318 65826.0
36.9128 65686.0
36.9937 65634.0
37.0746 65354.0
37.3982 65024.0
37.5601 64956.0
37.8836 62876.0
38.7736 61994.0
39.5827 61606.0
39.6637 61332.0
39.7446 61272.0
39.9064 60108.0
40.2301 60056.0
40.6347 60046.0
40.7157 59842.0
41.0394 59412.0
41.2823 59264.0
41.4441 58368.0
41.6869 58278.0
41.7679 58190.0
42.5774 58172.0
42.6582 57238.0
43.3864 57072.0
43.7910 56966.0
44.1956 56828.0
44.5193 56398.0
44.6002 56302.0
44.6812 56174.0
44.8430 55594.0
45.0049 55376.0
45.1667 55354.0
45.2476 55106.0
45.5712 55092.0
45.6522 54832.0
45.7331 54830.0
45.8140 54782.0
45.9759 54202.0
46.0569 54044.0
46.2188 53920.0
46.4616 53270.0
46.6234 53090.0
46.7044 52666.0
46.7854 52484.0
46.8663 52440.0
47.1901 52414.0
48.0802 52352.0
48.1611 51990.0
48.4038 51576.0
48.9703 51158.0
49.0513 50560.0
49.2941 50384.0
49.6987 49982.0
49.7797 49938.0
49.9415 49782.0
50.0228 49764.0
51.3175 49724.0
51.3984 49432.0
51.4793 49058.0
51.6412 48528.0
53.4213 48442.0
54.2309 48364.0
55.5258 47828.0
55.9305 47790.0
56.0115 47780.0
56.2543 47522.0
56.8210 47296.0
56.9019 46546.0
57.5496 46480.0
58.1973 46362.0
58.5210 46350.0
58.6020 45520.0
58.6830 45464.0
61.1132 45462.0
62.5700 45374.0
62.9748 45358.0
63.7840 44962.0
