4.8242 3661644.0
4.9058 114670.0
4.9875 112052.0
5.0691 102844.0
5.4758 102398.0
5.8007 100716.0
5.8819 100634.0
5.9630 100120.0
6.0441 98800.0
6.2065 98690.0
6.6123 98094.0
6.8558 97852.0
7.1805 96734.0
7.2618 96374.0
7.7488 96132.0
7.8299 94012.0
7.9112 93978.0
8.0736 93466.0
8.5605 92532.0
20.5703 91978.0
22.4361 91892.0
22.5172 91164.0
22.5984 90922.0
22.6795 90916.0
22.7606 90350.0
23.0040 89776.0
23.1663 89588.0
23.4099 88840.0
23.5722 88612.0
23.6533 88210.0
24.2214 87726.0
24.6272 87644.0
25.6815 87376.0
26.2496 87048.0
26.3307 87006.0
26.4119 86260.0
26.5742 84998.0
27.3047 84610.0
27.4669 82630.0
27.5480 82436.0
28.6033 81746.0
28.7658 81394.0
30.4701 80520.0
30.5513 79660.0
31.5248 79418.0
31.6871 77902.0
31.7682 77602.0
31.9304 77222.0
34.4451 76570.0
34.5263 75704.0
34.6885 75044.0
34.7697 74792.0
34.9319 73110.0
35.9868 73058.0
36.1490 72952.0
36.3925 72156.0
36.7170 71954.0
36.8793 71702.0
37.1227 70686.0
37.3662 69886.0
37.6910 69784.0
37.8533 69156.0
37.9345 68168.0
38.1780 67760.0
38.5023 67190.0
38.5835 66562.0
38.6645 65120.0
39.9629 64874.0
40.1252 64738.0
40.2064 64704.0
40.2875 64388.0
40.9367 64274.0
41.0989 63476.0
41.1801 63110.0
41.2612 62260.0
41.9104 61804.0
41.9915 61128.0
42.1538 60378.0
42.3161 60266.0
42.3973 60224.0
42.4784 60130.0
42.5596 60078.0
42.7217 59680.0
42.8841 58446.0
42.9652 58028.0
43.0464 58000.0
43.1275 57772.0
43.2087 57760.0
43.2899 57450.0
43.3710 57394.0
43.6144 56496.0
43.6956 55802.0
43.7767 55470.0
44.0201 54420.0
44.1012 54060.0
45.3999 53874.0
45.4810 53290.0
45.5621 52304.0
46.2920 51656.0
46.3732 51294.0
46.4543 51276.0
46.5355 50884.0
46.6980 50364.0
46.7791 50206.0
46.8602 50032.0
46.9413 48730.0
47.1036 48430.0
48.4015 48160.0
48.6449 47964.0
48.7261 46738.0
48.8072 46600.0
49.2128 46212.0
49.5373 44912.0
49.6996 44622.0
50.1052 44592.0
50.5108 44434.0
50.6731 44368.0
50.8353 44220.0
50.9976 44008.0
51.4033 43860.0
53.0261 43622.0
53.4318 42896.0
53.5130 42474.0
53.5942 41950.0
54.5676 41658.0
54.8110 41656.0
55.0543 41646.0
57.9754 41620.0
58.7868 41484.0
59.0302 41478.0
62.8445 41448.0
64.1426 41396.0
65.6029 41376.0
66.0087 41372.0
66.6579 41368.0
71.6079 41178.0
73.7171 41156.0
76.2325 41114.0
77.6127 41112.0
