5.7500 6750346.0
5.9262 219496.0
6.1026 211990.0
6.2787 196970.0
6.4549 186022.0
7.5116 185236.0
7.6878 184084.0
13.6781 183910.0
14.5593 183634.0
14.7354 182140.0
18.0826 181808.0
18.2586 180948.0
24.6020 180918.0
26.7159 180910.0
26.8921 180848.0
27.2444 180708.0
27.4203 180422.0
28.1250 179594.0
28.8296 178044.0
30.5910 177460.0
30.9433 177202.0
31.2956 176862.0
31.4720 175192.0
33.7619 174040.0
34.6427 173152.0
36.2282 171580.0
37.2857 169034.0
37.9907 164416.0
39.0475 162558.0
42.5703 161454.0
42.7465 161182.0
43.0991 159984.0
43.2753 158770.0
43.8040 157362.0
44.1563 156802.0
44.3326 156156.0
44.5089 154810.0
44.6851 154390.0
44.8614 154236.0
45.0376 153966.0
45.9189 152276.0
46.2709 151838.0
46.4470 150310.0
47.3281 150242.0
47.5043 150184.0
47.8564 149676.0
48.0327 149448.0
48.2089 149320.0
48.3851 146968.0
48.9133 145324.0
49.4418 143502.0
51.9087 143466.0
52.0849 143400.0
52.6135 143298.0
53.1423 142528.0
53.3186 142258.0
60.3680 141418.0
60.7204 140948.0
60.8967 140926.0
61.0729 140908.0
61.4255 139748.0
61.9539 139168.0
62.3065 138922.0
62.6588 138652.0
62.8350 138408.0
63.1875 138046.0
63.3637 137728.0
63.5398 137660.0
63.8919 136868.0
64.4204 136246.0
64.5967 135694.0
64.7730 132374.0
65.3017 131244.0
66.1826 131234.0
66.3588 130874.0
66.5349 129862.0
66.8874 127850.0
67.0634 127638.0
67.2396 125598.0
67.5922 125580.0
67.7685 125344.0
67.9447 125008.0
68.1210 124070.0
68.2969 123210.0
68.4733 123064.0
68.6495 122948.0
68.8260 122712.0
69.0022 120170.0
69.1785 119938.0
69.3546 119936.0
69.5310 118564.0
69.7073 112934.0
69.8835 111660.0
70.0597 111656.0
70.4122 108642.0
70.5885 107152.0
70.7648 106872.0
71.6456 106590.0
71.8219 106096.0
72.7028 105538.0
72.8790 105316.0
73.4078 105170.0
73.7605 104080.0
74.1126 102876.0
74.2889 102694.0
74.4652 102458.0
74.6411 100480.0
74.8174 100074.0
75.6983 99272.0
75.8746 99256.0
76.2269 99080.0
77.1079 99018.0
77.2840 98964.0
78.3414 98776.0
78.6940 98610.0
78.8702 98502.0
79.0462 97696.0
79.7514 96236.0
80.1041 95496.0
80.2803 94180.0
80.8087 94076.0
81.1613 93716.0
81.5140 92950.0
81.8664 92940.0
82.0426 92718.0
82.2189 91746.0
82.5715 91556.0
82.9241 91100.0
83.1003 90120.0
83.2766 88886.0
83.4529 88654.0
83.6293 88592.0
83.8056 88362.0
83.9819 88018.0
84.1581 87882.0
84.3344 85850.0
85.2155 85610.0
86.0968 85354.0
87.3303 84650.0
87.5067 84530.0
87.8590 83830.0
88.0352 83760.0
88.3878 83008.0
88.5641 82944.0
89.2686 81714.0
91.3829 81640.0
91.5590 81528.0
91.9112 81202.0
92.2637 81180.0
93.3205 81040.0
93.8492 81032.0
94.0255 80146.0
95.2590 80138.0
96.1403 79882.0
96.3166 79864.0
96.6691 79280.0
96.8453 79252.0
97.0213 79200.0
97.1976 78866.0
97.3739 78844.0
97.5501 77734.0
97.7264 77732.0
97.9028 77700.0
98.2551 76368.0
100.5463 75610.0
100.8987 72466.0
101.2512 72002.0
101.6036 72000.0
101.7799 71468.0
101.9562 71308.0
102.1324 71294.0
102.3088 70722.0
102.6612 70674.0
102.8373 70210.0
103.1899 69916.0
104.0708 69564.0
104.4232 69450.0
104.5994 69422.0
105.1283 68912.0
105.3046 68726.0
105.6572 68332.0
106.3620 67492.0
106.5385 66970.0
106.8908 66914.0
107.0669 65842.0
108.3006 64574.0
109.3580 64568.0
109.5343 64560.0
109.7105 64458.0
110.4152 64308.0
110.5914 64228.0
111.2962 62978.0
111.8251 62906.0
112.0012 62648.0
112.3534 62582.0
113.0582 62328.0
113.4104 62204.0
113.7627 60946.0
114.9962 60920.0
115.1723 60914.0
115.3489 58982.0
116.4062 58974.0
116.5822 58870.0
117.9921 58860.0
119.4024 58838.0
119.5787 58814.0
119.7549 58810.0
120.6357 58670.0
121.8694 58640.0
122.0455 58570.0
122.2217 58400.0
123.1031 58340.0
124.1601 58262.0
126.0983 58136.0
126.4506 58102.0
127.8605 58002.0
131.7386 57950.0
135.0871 57858.0
135.2632 57774.0
135.4394 57724.0
136.1443 57722.0
137.3777 57704.0
144.2510 57668.0
150.7702 57612.0
152.0045 57542.0
153.5905 57504.0
157.1149 57478.0
163.8108 57380.0
164.3397 57344.0
165.9260 57282.0
173.6798 57226.0
