5.7795 7210472.0
5.9559 209760.0
6.1314 209618.0
6.3077 188750.0
6.4839 187312.0
6.6602 183514.0
6.8363 183512.0
7.0123 181510.0
7.1888 181504.0
7.3648 180270.0
7.7169 179790.0
7.8929 178132.0
8.0691 175970.0
8.4215 174586.0
8.7742 174136.0
9.6553 172512.0
11.0648 171724.0
30.6208 168206.0
31.3258 168100.0
31.8548 165624.0
32.3836 165198.0
32.9124 164528.0
35.5558 163894.0
35.9085 160804.0
36.2611 160684.0
36.7896 159152.0
37.4947 158188.0
41.3708 156420.0
41.7237 155960.0
41.9000 155274.0
42.2523 154144.0
43.3097 153452.0
43.4860 153168.0
43.6620 152956.0
44.0146 152816.0
44.3669 152518.0
44.7196 151904.0
45.0721 151582.0
45.9536 150820.0
48.9492 150020.0
50.1830 149582.0
51.7689 149464.0
51.9453 149246.0
52.1213 148472.0
52.4739 146420.0
53.5311 146320.0
54.4124 144520.0
54.7650 143300.0
55.1176 142690.0
55.4701 141614.0
56.3522 140074.0
57.2335 138010.0
57.7622 136780.0
57.9386 135588.0
58.1146 133926.0
58.4671 133558.0
59.7014 130648.0
60.0540 130300.0
60.2302 129478.0
60.7587 128618.0
61.1114 128480.0
61.6401 128380.0
62.1688 128288.0
62.3450 128008.0
62.6976 127140.0
62.8739 125314.0
63.0500 124410.0
63.2267 123782.0
63.7556 123778.0
65.5179 123620.0
65.8704 122630.0
66.0468 122296.0
67.8096 122076.0
68.1619 121542.0
68.3382 121534.0
68.8672 121040.0
69.2196 120852.0
69.3958 119672.0
69.5723 119540.0
69.7486 119300.0
69.9248 119210.0
70.8062 117766.0
70.9823 116888.0
71.1586 116426.0
71.3350 116206.0
71.5110 116204.0
73.6261 115470.0
73.9787 115468.0
76.2706 115330.0
76.7995 114834.0
76.9760 113678.0
77.3285 111644.0
78.3858 108772.0
78.5621 108380.0
78.7384 108136.0
78.9146 108054.0
79.0911 107106.0
79.2671 106672.0
80.5016 105220.0
80.8541 105196.0
81.0304 104882.0
82.2640 103950.0
82.6167 103416.0
82.9690 103236.0
83.3219 102464.0
84.0269 101074.0
84.2032 101062.0
84.5558 100844.0
84.9087 100840.0
85.2613 100776.0
86.6713 99594.0
86.8474 98800.0
87.0234 97360.0
87.1996 96646.0
87.3758 95188.0
87.5521 95012.0
87.7285 94850.0
87.9048 92754.0
88.2575 91118.0
89.3151 90348.0
91.0777 89970.0
91.2539 89948.0
91.4303 89804.0
91.7831 89226.0
92.3118 87274.0
92.4882 87254.0
92.8409 87014.0
93.0173 86420.0
93.1936 86404.0
93.3700 85554.0
93.8990 85420.0
94.0754 84332.0
94.2518 84154.0
94.4280 84124.0
94.9568 84080.0
95.1330 83438.0
96.0144 81654.0
96.5430 80836.0
96.7193 80436.0
96.8955 80406.0
97.0719 79538.0
97.2483 78452.0
97.6006 78172.0
97.7767 78082.0
97.9531 77702.0
99.3626 77182.0
99.5390 76636.0
99.8917 76600.0
101.4782 76246.0
101.8303 75806.0
102.0067 75726.0
102.8879 74802.0
103.2405 74416.0
104.2979 74174.0
105.7084 74106.0
105.8847 73852.0
106.4135 73834.0
107.1188 73656.0
107.8238 73558.0
109.4101 73352.0
109.5863 73262.0
111.5249 72866.0
111.7011 72716.0
111.8776 72692.0
112.0538 72344.0
112.2301 70722.0
112.4061 70612.0
112.7582 70142.0
113.6397 70128.0
114.3446 69590.0
114.5207 69556.0
115.0495 69414.0
115.7543 69400.0
116.1069 69368.0
116.8122 68862.0
117.5174 68708.0
117.6938 68592.0
119.9851 68046.0
120.1613 67904.0
120.6905 67768.0
120.8668 67374.0
122.1004 67328.0
122.2766 67274.0
122.6292 67172.0
123.3340 66306.0
123.8630 66258.0
124.3917 66172.0
125.2729 65366.0
125.8017 65362.0
126.3304 65338.0
127.0357 65230.0
127.3882 65130.0
127.7411 65124.0
128.4459 64928.0
128.6221 64926.0
129.1511 64890.0
129.3274 64766.0
130.2082 64734.0
130.5606 64318.0
130.7368 64242.0
131.0895 64096.0
134.2620 64078.0
136.5537 64066.0
136.9064 64030.0
137.7879 63916.0
140.0790 63874.0
141.1367 63862.0
142.1947 63816.0
147.8363 63666.0
148.1888 63522.0
161.2341 63474.0
169.5181 63444.0
171.6340 63442.0
175.1598 63434.0
