4.8249 3389938.0
4.9063 107994.0
4.9877 104040.0
5.0689 102600.0
5.1499 102192.0
5.2309 100326.0
5.3119 100190.0
5.4738 98898.0
5.8784 96616.0
5.9594 95802.0
6.0403 93190.0
6.2021 92524.0
6.3640 91970.0
6.9301 90924.0
8.1438 89626.0
8.8720 89382.0
10.5709 88298.0
10.7328 88200.0
17.5284 87604.0
19.0658 87398.0
21.1694 87306.0
22.8682 87248.0
23.8395 87078.0
24.0014 85658.0
25.8623 84960.0
25.9433 83824.0
26.3479 83034.0
27.1571 82838.0
27.8043 82592.0
27.8853 80824.0
28.0471 80708.0
28.1281 80676.0
28.7756 79586.0
28.8565 79064.0
28.9375 78302.0
29.9893 78204.0
31.0411 77442.0
32.1744 77294.0
32.4173 76964.0
32.8219 76370.0
32.9029 76234.0
33.2265 75418.0
33.4693 72552.0
33.6311 72290.0
34.0359 72284.0
35.4924 70944.0
36.3827 69390.0
36.4637 69222.0
36.7874 68676.0
37.1921 67786.0
37.4349 67092.0
38.6488 66920.0
38.7300 66060.0
39.0538 65564.0
39.2158 64540.0
39.3777 63920.0
39.5396 63906.0
39.7014 63706.0
39.7823 63364.0
39.8633 63326.0
39.9442 62684.0
40.0252 61922.0
40.2680 61174.0
40.5107 60290.0
40.6727 59474.0
40.8346 59352.0
40.9965 59258.0
41.1583 57936.0
41.4011 56868.0
41.4820 56618.0
41.7248 56044.0
41.8057 55986.0
41.9676 55640.0
42.3722 55364.0
42.4532 54850.0
42.7770 54004.0
42.9389 52992.0
43.1006 52568.0
43.3435 52478.0
43.4245 52270.0
43.8291 52076.0
44.1529 52058.0
44.2339 51532.0
44.6384 51280.0
45.1240 50576.0
45.4477 50416.0
46.0950 49584.0
46.1759 49130.0
47.0660 49118.0
47.6325 49074.0
47.7943 48898.0
47.8753 47762.0
47.9570 47730.0
48.6043 47184.0
48.7662 46696.0
49.6564 46584.0
49.8183 46542.0
50.3846 46356.0
50.6273 46102.0
50.7083 46018.0
51.0321 45394.0
51.1130 45388.0
51.1940 45372.0
51.2749 45156.0
51.3559 45134.0
51.4368 44942.0
51.5178 44660.0
51.8414 43784.0
51.9224 43778.0
52.4888 43398.0
52.7316 43272.0
53.4599 43256.0
53.5408 43036.0
54.1881 42268.0
54.4310 42204.0
54.5118 42140.0
54.7546 41778.0
54.8356 41628.0
54.9165 41616.0
55.3210 41546.0
55.4020 41186.0
55.4829 41030.0
55.6448 40876.0
55.8875 40868.0
57.1827 40262.0
57.5872 40256.0
58.3158 40110.0
58.3967 39990.0
60.5013 39968.0
61.4725 39460.0
68.0322 39450.0
68.2750 39066.0
71.1088 39002.0
71.2706 38992.0
72.4843 38822.0
74.9124 37872.0
75.3979 37868.0
83.0042 37860.0
