5.8213 6863818.0
5.9972 221762.0
6.1736 215318.0
6.3497 198250.0
6.5261 189408.0
6.7020 189024.0
7.2307 187358.0
7.5829 187318.0
7.9353 187090.0
8.1114 186840.0
8.4636 185824.0
8.9921 185432.0
9.1683 184702.0
9.3447 183876.0
9.5209 183540.0
12.1633 182780.0
12.3395 182696.0
13.7486 182320.0
14.1012 182068.0
14.2775 182040.0
15.6866 181460.0
16.2145 181428.0
18.6810 180584.0
20.6179 180436.0
21.6744 180120.0
22.5550 179404.0
23.0838 178488.0
24.4922 177672.0
24.6683 175636.0
25.0207 175398.0
25.9019 174838.0
26.6067 174442.0
29.0730 173766.0
29.6013 172082.0
31.8918 171646.0
39.1117 170002.0
39.2879 168714.0
39.4643 167556.0
44.2214 167540.0
45.1022 166344.0
45.2786 165006.0
45.6312 164918.0
49.6843 164256.0
50.3892 163908.0
50.7414 162584.0
52.1508 161406.0
52.8557 160628.0
53.0320 160612.0
55.3227 159706.0
55.4991 158414.0
57.0849 158326.0
57.2613 158076.0
57.7902 155404.0
57.9663 154326.0
59.7286 151910.0
59.9047 151062.0
61.1382 150510.0
63.0767 150014.0
63.4293 149684.0
64.8389 148862.0
65.1913 148680.0
66.2483 148094.0
66.4245 147944.0
66.6007 146028.0
67.3056 145790.0
67.6581 145788.0
67.8343 145116.0
68.5389 145114.0
68.7149 144254.0
68.8911 142382.0
69.4197 141264.0
69.9484 140866.0
70.1248 139664.0
70.4772 138916.0
70.6536 137804.0
71.1823 136544.0
72.9444 135014.0
73.1205 130536.0
74.5306 129650.0
74.7068 128322.0
74.8831 128200.0
75.4120 127604.0
75.7644 123834.0
75.9408 123172.0
77.1745 121530.0
77.3508 118310.0
77.5269 118230.0
77.7030 117750.0
77.8793 117720.0
78.2320 117712.0
78.4083 117114.0
79.4653 116712.0
79.8177 116034.0
81.4037 115514.0
81.9321 114978.0
82.1083 114950.0
82.6370 114078.0
82.9893 112046.0
83.1655 111524.0
83.3418 111522.0
84.2233 110086.0
84.3995 110074.0
84.7520 110002.0
84.9283 109486.0
85.1045 109220.0
85.4570 108834.0
85.8094 108264.0
86.6903 108146.0
86.8666 106396.0
87.5713 106392.0
87.7475 105600.0
88.0999 105560.0
88.4525 104918.0
88.8050 104362.0
89.1576 103746.0
89.3338 103490.0
89.6866 102484.0
89.8627 102258.0
90.0388 101730.0
90.3918 101452.0
90.5681 99692.0
90.7444 99230.0
91.4497 98446.0
91.6259 98412.0
91.8023 97720.0
92.1547 95120.0
92.6830 94960.0
93.0357 94614.0
93.9166 94394.0
94.0928 93120.0
94.6215 92280.0
94.9740 92060.0
95.1501 91544.0
95.3262 91516.0
96.2074 91096.0
96.3836 89354.0
96.5599 88682.0
97.0889 88148.0
97.2651 86576.0
97.4414 86548.0
97.9700 86482.0
98.1463 86124.0
98.3223 85842.0
98.8508 85120.0
99.0271 83196.0
99.5559 82404.0
100.0847 82294.0
100.7895 81566.0
100.9657 81120.0
101.1418 80922.0
101.3179 79432.0
101.4940 78546.0
101.8467 77062.0
102.0230 76456.0
102.3754 76374.0
102.5516 76130.0
103.2565 76050.0
103.4328 76040.0
103.6091 74636.0
103.7854 74040.0
103.9617 73752.0
104.6664 73672.0
104.8426 73594.0
105.1948 73556.0
105.3709 73296.0
106.0758 73272.0
106.2521 73080.0
106.6044 72506.0
106.7804 72460.0
107.1329 72438.0
108.0140 72424.0
108.1902 72062.0
108.7189 70900.0
108.8949 70816.0
109.0712 70678.0
109.7762 70660.0
110.4811 70658.0
112.0667 70640.0
112.7715 70266.0
113.3002 69798.0
113.6527 69480.0
114.0051 69088.0
114.3573 69054.0
114.5336 68796.0
115.0622 68760.0
115.2381 68704.0
115.4144 68702.0
116.1192 68646.0
116.2955 68128.0
117.0006 67702.0
117.3528 67022.0
118.4102 66038.0
122.1110 65874.0
122.2872 65848.0
122.4636 65742.0
124.0486 65460.0
124.5775 65458.0
129.5111 65396.0
130.0398 65356.0
131.4495 65340.0
135.1514 65070.0
135.3277 64952.0
135.8566 64936.0
136.0329 64914.0
136.2093 64876.0
136.9136 64870.0
139.0289 64844.0
139.7338 64822.0
140.2625 64762.0
151.7158 64694.0
153.4785 64624.0
181.8480 64544.0
