4.5498 3105264.0
4.6314 102366.0
4.7129 101744.0
4.7945 99414.0
4.8758 95474.0
4.9571 93820.0
5.0384 92666.0
5.1196 92226.0
5.2820 91868.0
5.6066 91274.0
5.8501 89824.0
11.4466 87934.0
11.9332 87648.0
14.4481 87296.0
14.5293 86472.0
15.2593 85584.0
16.1516 85014.0
16.4760 84970.0
17.0439 84108.0
18.3418 83946.0
18.7474 83186.0
19.2340 82782.0
19.5585 82502.0
19.9640 82080.0
21.6673 81490.0
24.1009 81328.0
24.4253 81190.0
24.5064 81016.0
24.9118 80992.0
24.9929 80730.0
25.1551 79586.0
25.3986 78920.0
25.5608 78790.0
25.7230 77744.0
27.1017 77610.0
27.3454 76224.0
27.5076 74954.0
28.8869 74676.0
29.2924 74544.0
29.4546 74064.0
29.6168 73248.0
29.7791 73212.0
30.0224 72678.0
30.1846 72168.0
30.8334 71910.0
30.9956 71736.0
31.2389 71674.0
31.9689 71442.0
32.0500 71170.0
32.2933 69698.0
32.3744 69548.0
32.4556 69084.0
32.6989 68342.0
32.9422 67576.0
33.2667 66872.0
33.5102 66372.0
33.5914 65468.0
33.6726 65398.0
33.8350 64746.0
34.0784 64418.0
34.4843 64396.0
34.7276 63632.0
35.1332 63518.0
35.2143 63302.0
35.3766 62906.0
35.4578 60566.0
35.6200 59264.0
35.7012 59054.0
35.9444 58962.0
36.1067 58904.0
36.2689 58528.0
36.5123 58220.0
36.5935 57864.0
36.6745 57294.0
36.8368 57132.0
36.9179 57100.0
36.9990 56862.0
37.4856 56806.0
37.8100 55974.0
37.9723 55504.0
38.1346 54856.0
38.2969 54042.0
38.6212 53916.0
38.7834 53594.0
39.1078 53040.0
39.8377 52424.0
40.1622 51720.0
40.3245 51624.0
40.5678 51216.0
40.6489 51192.0
41.2168 50642.0
41.3791 50218.0
41.5414 49910.0
41.9471 49874.0
43.0826 49820.0
43.1638 49812.0
43.2449 49754.0
43.4072 49656.0
43.6505 49074.0
43.7316 48650.0
43.9750 48274.0
44.0561 48026.0
44.2183 47366.0
44.2994 47358.0
44.3805 47120.0
44.5428 47116.0
44.7050 47068.0
44.8674 46976.0
45.1918 46602.0
45.2729 46360.0
45.5163 46274.0
45.6785 46248.0
45.9218 45878.0
46.0029 45874.0
46.1652 45282.0
46.3274 44902.0
46.4086 44856.0
46.6519 44604.0
46.7330 44044.0
46.8142 44024.0
47.0575 43108.0
47.1386 42588.0
47.2198 42584.0
48.0311 42206.0
48.1933 42186.0
49.2482 42182.0
49.7348 42114.0
50.3025 41946.0
50.3836 41868.0
50.5458 41656.0
50.8707 41572.0
51.0330 41538.0
51.1142 41450.0
51.6014 40768.0
51.6826 40698.0
52.0074 40642.0
52.3318 40350.0
52.6562 40334.0
53.0618 39976.0
53.7112 39594.0
54.1980 39464.0
54.2791 39222.0
55.3340 38930.0
55.5776 38786.0
55.7399 38746.0
56.1460 38674.0
56.3083 38448.0
56.7141 38206.0
56.9575 38098.0
57.1198 38090.0
58.0932 37972.0
58.2555 37936.0
59.3097 37806.0
61.6617 37756.0
61.9861 37640.0
62.4728 37624.0
62.5539 37098.0
64.1759 37046.0
65.0680 37014.0
