4.5619 3539082.0
4.6434 115062.0
4.7247 113258.0
4.8063 98476.0
4.8875 97230.0
4.9688 96518.0
5.0500 95738.0
5.1311 94466.0
5.2122 93396.0
5.2933 93096.0
5.6984 92894.0
5.8609 91674.0
5.9420 90512.0
6.5103 90028.0
6.5915 89794.0
6.6726 89776.0
7.1592 88474.0
7.2403 88352.0
7.6460 88094.0
9.5920 87452.0
15.9146 87418.0
19.6446 86908.0
23.6967 86090.0
24.2643 85584.0
24.3453 85422.0
24.9940 85028.0
25.4805 84992.0
25.8858 83854.0
26.9395 83160.0
27.0206 81770.0
27.1827 80790.0
27.3449 80436.0
28.2362 80112.0
30.9927 79270.0
31.0738 78182.0
31.3981 77704.0
31.5602 77696.0
31.8034 77394.0
33.0191 77044.0
33.1813 75794.0
33.4244 75268.0
33.5868 74990.0
33.6679 74246.0
33.9921 73708.0
34.3971 72244.0
36.3427 71546.0
36.6669 71408.0
36.8290 71384.0
36.9911 70560.0
37.2343 70438.0
37.3154 69548.0
37.5585 69116.0
37.7206 69070.0
37.8017 68896.0
37.9638 68882.0
38.0449 68548.0
38.1259 67360.0
38.2070 66496.0
38.2880 64228.0
38.3691 63262.0
39.1795 62946.0
39.4235 61776.0
40.1529 61188.0
40.3150 60288.0
40.3961 58962.0
40.5582 58546.0
41.2878 58272.0
41.4500 57394.0
41.5311 57266.0
41.6932 56864.0
41.7743 56306.0
42.0175 55418.0
42.1796 55364.0
42.5039 55246.0
42.5849 54786.0
42.6660 54770.0
42.7471 54766.0
42.9093 54232.0
43.3956 53954.0
43.5576 53390.0
43.6387 52944.0
43.8009 52942.0
43.9630 52852.0
44.7736 52542.0
45.0167 52268.0
45.1789 51724.0
45.4221 51598.0
46.1515 51158.0
46.3947 51114.0
46.4758 50636.0
46.5569 50430.0
46.8003 49706.0
47.0435 49634.0
47.2868 49116.0
47.4490 49042.0
47.5301 48964.0
47.8544 48326.0
47.9355 47894.0
48.0165 47728.0
48.0977 47448.0
48.8269 47438.0
49.3133 47396.0
49.3944 47042.0
49.6377 46604.0
50.0428 46562.0
50.1239 46454.0
50.2050 46448.0
50.3671 46204.0
50.6103 46086.0
50.8535 45912.0
50.9346 45754.0
51.0967 45750.0
51.2589 45674.0
51.3399 45616.0
51.5020 45604.0
52.0694 45378.0
52.2316 44856.0
52.3937 44548.0
52.9618 44086.0
53.2051 44052.0
53.5293 43660.0
53.6105 43644.0
53.8537 43544.0
53.9347 43352.0
54.3400 42986.0
54.8263 42972.0
55.2318 42946.0
55.4749 42856.0
55.7190 42750.0
56.0432 42722.0
56.6104 42586.0
56.6915 42578.0
56.7725 41928.0
57.0969 41816.0
57.8263 41558.0
58.5561 40906.0
59.2855 40868.0
59.6908 40756.0
60.5833 40700.0
60.9078 40606.0
61.6376 40440.0
62.2864 40110.0
62.6107 39734.0
63.0973 39640.0
63.3406 39614.0
66.0160 39556.0
72.1765 39514.0
79.3097 39286.0
