5.8176 7245098.0
5.9943 230322.0
6.1699 207758.0
6.3463 197162.0
6.8756 196020.0
7.0516 194434.0
8.2843 193368.0
8.8128 191672.0
10.5747 191400.0
11.1032 190914.0
11.8081 190758.0
12.3365 190706.0
14.8047 190092.0
16.3907 190020.0
18.3287 189120.0
20.4432 188160.0
20.9717 187294.0
21.1479 185664.0
21.3244 185412.0
22.3819 184258.0
23.0868 183858.0
23.6156 182322.0
23.9678 182068.0
24.8491 181806.0
25.9065 181574.0
26.4349 180734.0
32.0741 180122.0
32.2505 178638.0
32.6033 178268.0
34.7180 177036.0
37.1857 176446.0
37.3620 176338.0
37.5384 175552.0
37.8909 174450.0
38.0672 172906.0
39.4771 172546.0
42.2977 172524.0
42.6504 172198.0
42.8270 171394.0
43.1798 170852.0
43.5325 170472.0
47.9387 170182.0
49.5245 169562.0
50.0533 169168.0
50.2294 166906.0
50.7583 166270.0
50.9346 165894.0
51.1107 165452.0
51.6395 164678.0
51.8159 164554.0
51.9922 163078.0
54.4595 162878.0
54.9880 162626.0
55.6925 161846.0
56.0450 160762.0
56.9261 160214.0
57.1023 159198.0
57.2785 156558.0
57.4546 154186.0
57.6310 154130.0
57.8073 152930.0
58.1600 152098.0
59.9225 151656.0
60.9798 151568.0
61.3327 150676.0
62.0378 150220.0
62.5669 150094.0
63.4478 149118.0
63.6242 148926.0
63.8005 148838.0
64.5060 146290.0
64.8585 144596.0
65.9159 144164.0
67.3258 141190.0
69.0881 140906.0
69.2645 139944.0
69.4405 139844.0
69.6170 139438.0
69.9695 138272.0
73.1425 137958.0
73.4952 135388.0
73.6712 134606.0
73.8473 134276.0
74.0233 133522.0
74.3761 132798.0
74.9052 131154.0
75.2578 131004.0
75.9630 129354.0
76.8445 128314.0
77.5495 126400.0
78.0781 125664.0
78.2543 123644.0
79.1358 122466.0
79.3121 120288.0
80.0173 120208.0
80.1937 119292.0
80.8988 118532.0
81.0751 117410.0
81.6038 117228.0
81.9564 114446.0
82.3087 114162.0
82.4849 113666.0
82.6613 113094.0
82.8376 112968.0
83.1902 112312.0
83.5427 112278.0
83.8952 111788.0
84.2474 111426.0
84.6002 110994.0
84.9529 108990.0
85.3054 108776.0
85.4818 108662.0
85.8348 106834.0
86.1874 105808.0
86.5400 105474.0
86.7162 104848.0
87.2452 101698.0
87.4215 101212.0
87.7740 100834.0
88.4791 100794.0
88.6554 100724.0
88.8317 100540.0
89.0081 99828.0
89.1844 99822.0
89.5371 99770.0
90.5945 98062.0
92.0044 96830.0
92.1807 96780.0
92.3571 95404.0
92.8860 95108.0
93.2385 94876.0
93.4148 90980.0
94.6489 89314.0
95.1778 88898.0
95.8828 88506.0
97.9979 88110.0
98.3505 87744.0
98.8792 86056.0
99.2319 84712.0
99.7608 83750.0
101.1718 83732.0
101.8769 83464.0
102.5820 83160.0
103.1109 82798.0
103.2871 81358.0
103.4635 80796.0
103.8160 80780.0
103.9924 80750.0
104.1687 80538.0
104.3450 80472.0
104.6975 80136.0
104.8739 79330.0
105.0499 78768.0
105.2261 78292.0
105.5787 78072.0
105.7550 77146.0
106.1074 77064.0
106.4601 76936.0
106.8127 76178.0
107.5178 76112.0
107.8704 75908.0
108.2227 75826.0
108.9279 75562.0
109.2806 75408.0
109.4570 74326.0
110.6908 74274.0
111.0435 74272.0
111.9248 73812.0
112.6298 73658.0
112.9826 73638.0
114.2166 72962.0
114.5693 72602.0
115.9792 72204.0
116.3319 72148.0
116.6844 72056.0
116.8607 72040.0
119.5049 71950.0
120.9152 71720.0
121.4439 71660.0
125.4981 71570.0
125.6744 71258.0
126.5559 71184.0
127.0850 71104.0
128.6708 70766.0
130.9631 70582.0
131.4917 70576.0
131.6681 70550.0
135.1948 70206.0
143.3035 70138.0
148.4156 70094.0
149.8258 70068.0
154.4095 69940.0
155.2910 69838.0
158.6400 69768.0
161.1082 69700.0
176.8115 69680.0
181.2217 69674.0
