11.5020 18061906.0
11.9327 1644118.0
12.3632 383494.0
12.7930 376568.0
13.2229 359570.0
13.6528 354714.0
14.5127 353622.0
14.9425 350866.0
15.3723 349640.0
20.0999 349132.0
20.5298 349112.0
23.5383 348172.0
23.9681 347764.0
24.3980 347338.0
28.2670 347032.0
28.6968 345252.0
29.1267 345144.0
32.1352 344558.0
32.9948 343360.0
33.4245 343230.0
36.4332 343016.0
37.7227 342386.0
38.1525 342194.0
63.5122 342030.0
106.9358 341632.0
107.3659 341298.0
108.2259 341210.0
118.5435 340122.0
120.2632 339040.0
120.6932 338960.0
125.8530 337592.0
126.2829 336946.0
126.7129 335866.0
129.7219 334692.0
130.5818 333822.0
132.3014 333300.0
137.8907 332650.0
149.0673 332398.0
150.7868 331920.0
151.6465 331856.0
152.5065 330766.0
152.9363 330760.0
153.3663 329270.0
153.7960 329104.0
154.2260 328322.0
154.6558 328004.0
155.9455 327654.0
156.3751 327420.0
156.8051 327244.0
170.1305 326388.0
170.5605 326200.0
171.4203 325582.0
172.2800 324410.0
172.7099 323984.0
175.7194 323684.0
177.0090 323172.0
186.8984 322914.0
187.7585 322802.0
188.1882 322526.0
189.0486 320416.0
189.4786 319940.0
193.7771 319656.0
194.2070 319256.0
195.0669 318454.0
198.0770 315468.0
200.2264 315108.0
201.0862 313864.0
201.9461 313056.0
202.3761 312872.0
203.6660 312188.0
204.9560 311432.0
205.8158 311148.0
206.2456 311046.0
207.1054 308196.0
207.5353 307562.0
207.9652 306668.0
208.3951 306026.0
208.8249 305594.0
210.5448 303802.0
211.4044 302444.0
211.8343 300614.0
212.2642 299314.0
212.6941 297376.0
213.5539 296602.0
219.1429 295512.0
219.5728 294586.0
220.0028 293048.0
220.8626 293044.0
221.2925 292812.0
221.7223 292016.0
222.1523 291514.0
222.5823 291400.0
223.4423 291032.0
223.8722 290862.0
224.3024 290818.0
225.1620 290048.0
225.5920 287838.0
228.1714 286268.0
228.6013 285802.0
230.3207 285568.0
230.7506 283812.0
231.1805 283776.0
231.6108 283078.0
232.0407 282558.0
232.4707 282244.0
232.9006 281964.0
233.7604 280438.0
235.4799 279362.0
235.9099 277430.0
236.3398 276336.0
236.7698 275914.0
237.1997 274966.0
237.6297 274286.0
238.0595 274102.0
238.4897 273628.0
238.9195 271952.0
239.3494 271214.0
240.2092 270762.0
241.4989 268870.0
241.9289 268422.0
242.3588 267834.0
243.6488 266118.0
244.0787 265432.0
244.5087 264150.0
244.9386 263432.0
246.2287 263228.0
247.0888 263102.0
247.9486 262276.0
248.3786 261744.0
248.8085 261704.0
249.2385 260282.0
250.5283 258852.0
250.9582 258068.0
251.3881 257434.0
251.8180 257188.0
252.2480 255722.0
252.6779 253934.0
253.1081 251470.0
253.9681 251366.0
254.8280 250596.0
255.2580 249388.0
255.6879 248960.0
256.1178 248246.0
258.2672 246896.0
258.6971 245442.0
259.1270 243308.0
259.5569 241974.0
259.9870 241154.0
260.4169 241026.0
260.8468 240900.0
261.2767 240714.0
261.7067 240058.0
262.1366 239116.0
262.5666 239096.0
262.9966 238534.0
263.4265 237114.0
264.2863 235054.0
264.7163 233934.0
265.1463 233430.0
265.5762 230776.0
266.0062 228724.0
267.2961 228448.0
269.0161 228016.0
269.4461 227870.0
269.8760 227108.0
270.7360 225994.0
271.1662 225988.0
271.5962 225682.0
272.0261 224194.0
272.4560 223080.0
272.8860 221724.0
273.3158 221216.0
273.7457 220900.0
274.6059 220280.0
275.0357 219298.0
275.4657 219072.0
276.3256 218570.0
276.7556 218064.0
278.0454 217506.0
278.4752 217098.0
279.3353 216756.0
279.7652 215818.0
280.1951 215526.0
280.6251 215278.0
281.4851 213264.0
281.9149 212450.0
282.3449 210164.0
282.7748 208120.0
283.2049 208096.0
283.6347 208026.0
284.0648 207962.0
284.4947 207316.0
284.9248 206504.0
285.3547 205674.0
285.7848 205562.0
287.5046 205152.0
287.9345 204632.0
288.3645 204330.0
288.7947 203394.0
289.2246 203060.0
290.0846 202406.0
290.5145 202098.0
290.9445 201902.0
291.3744 201588.0
291.8044 201034.0
292.2342 200234.0
292.6643 199654.0
293.0943 199038.0
293.5243 198312.0
293.9542 198292.0
296.1044 197844.0
296.5342 195814.0
297.3942 195724.0
297.8242 195216.0
298.2541 195162.0
298.6840 194930.0
299.1140 193872.0
299.5439 193062.0
300.4039 192352.0
300.8338 191016.0
301.2638 190956.0
302.1236 190212.0
302.5535 189984.0
303.4134 189412.0
304.7038 189310.0
305.5636 188440.0
305.9935 187396.0
306.4234 186526.0
306.8534 186292.0
307.2834 186196.0
308.1433 186156.0
308.5731 185916.0
309.0032 185886.0
309.4331 185620.0
310.7233 185388.0
311.1532 184606.0
312.4432 184590.0
313.3031 184044.0
313.7330 184008.0
315.0230 183922.0
315.4530 183672.0
315.8830 183628.0
316.3130 183614.0
318.4629 182920.0
319.3230 182880.0
319.7529 182808.0
320.1829 182704.0
320.6128 182458.0
321.0428 181106.0
321.4726 181082.0
321.9028 180866.0
323.1926 180658.0
323.6227 180586.0
324.0528 179956.0
324.4829 179870.0
324.9129 179844.0
325.3429 179198.0
327.4924 179094.0
327.9224 179058.0
328.3524 179002.0
330.5023 177776.0
331.3621 177708.0
331.7921 177534.0
332.6520 177470.0
333.5121 177350.0
333.9420 177316.0
334.8019 177258.0
335.2318 176660.0
336.0918 176634.0
336.9515 175592.0
337.3815 175536.0
337.8114 174776.0
338.2415 174316.0
345.9805 174202.0
347.6999 174160.0
348.1297 174096.0
348.5598 173668.0
350.7092 173116.0
351.1392 173020.0
351.5692 172742.0
352.8591 172664.0
353.2891 171720.0
355.4391 171706.0
357.1593 171702.0
357.5896 171676.0
358.0197 171536.0
359.3101 171464.0
359.7404 171428.0
361.4610 171328.0
361.8909 170138.0
363.1810 170096.0
363.6110 169834.0
364.4720 169644.0
364.9022 168806.0
365.7628 168770.0
370.0629 168728.0
376.9433 168684.0
378.2331 168616.0
378.6632 168600.0
379.9530 167610.0
380.3830 167508.0
380.8129 167428.0
381.2429 167392.0
381.6729 167382.0
382.9629 167230.0
386.4015 166940.0
386.8314 166890.0
387.6912 166822.0
388.1211 166442.0
401.8773 166280.0
402.7372 165774.0
407.0361 165304.0
408.3259 165286.0
408.7558 165246.0
409.1857 165140.0
409.6155 165096.0
410.4755 165020.0
411.7652 164760.0
414.3445 164732.0
416.4940 164700.0
422.0834 164622.0
424.2330 164512.0
425.0932 164416.0
427.6728 164382.0
428.5327 164318.0
429.3926 164190.0
437.1313 164028.0
438.8508 163974.0
439.2808 163916.0
441.0003 163898.0
445.2995 163874.0
447.8792 163320.0
458.6283 163316.0
460.7780 163266.0
464.6472 163236.0
467.2260 163234.0
469.8057 163112.0
471.0953 163108.0
472.3851 163052.0
472.8149 163016.0
476.2542 162960.0
480.9825 162956.0
488.2935 162816.0
