13.1459 16684002.0
13.5767 788288.0
14.0069 380528.0
14.4367 366262.0
14.8666 358242.0
15.2957 357330.0
16.1554 356734.0
17.4443 356706.0
18.3038 355576.0
18.7334 355356.0
19.1633 355070.0
19.5930 354898.0
20.4525 354276.0
20.8822 354164.0
21.3120 353824.0
21.7417 353306.0
26.0393 353150.0
26.4690 352858.0
27.3284 352786.0
31.1958 352738.0
31.6257 352340.0
32.0557 351584.0
32.9156 351246.0
33.3455 351184.0
36.7836 350832.0
37.2135 350206.0
47.9599 350188.0
48.8191 349768.0
49.6786 349556.0
50.5381 348208.0
58.7049 348094.0
59.1347 347650.0
59.5645 347370.0
59.9943 346502.0
60.4242 346346.0
60.8540 346260.0
63.0033 345886.0
68.1613 345614.0
69.0208 345344.0
70.3104 345140.0
70.7404 345042.0
71.1702 344898.0
72.8896 344198.0
117.5902 344182.0
122.3182 343998.0
125.7567 343814.0
126.6164 343144.0
127.4760 342882.0
127.9058 341668.0
129.6251 341336.0
161.0054 340500.0
165.3038 338914.0
168.7429 338866.0
169.6027 337982.0
170.4622 337682.0
170.8918 337462.0
171.3218 337264.0
174.3306 336868.0
175.6209 335970.0
176.0509 335552.0
176.4809 335506.0
184.2178 335482.0
186.7970 334416.0
187.2269 334252.0
190.2361 332906.0
199.2619 332904.0
199.6918 331834.0
200.1216 330218.0
203.1310 329794.0
203.5609 328926.0
205.7102 328604.0
206.1400 327676.0
206.5698 327350.0
208.2890 325782.0
208.7189 325250.0
209.1489 324898.0
209.5787 324514.0
210.4385 324232.0
214.3084 323364.0
214.7383 323000.0
215.1683 320796.0
216.4579 320164.0
216.8879 319382.0
217.3177 318180.0
217.7476 317854.0
218.1774 317422.0
219.0372 316880.0
219.4669 314992.0
220.3267 314978.0
221.1864 314972.0
221.6163 314272.0
222.0463 313158.0
223.7662 312218.0
224.1961 311810.0
224.6260 310550.0
225.0558 310222.0
227.2052 310026.0
228.0649 309214.0
228.4947 305992.0
229.7843 305946.0
230.2142 305678.0
231.5037 302180.0
232.3635 301958.0
232.7934 300764.0
234.5129 299974.0
234.9429 298690.0
235.3727 297436.0
237.0919 296646.0
237.5217 295788.0
239.6713 295006.0
240.5310 294420.0
240.9608 293170.0
241.3906 292800.0
241.8205 290580.0
242.6803 290038.0
243.1101 286930.0
244.8296 286858.0
246.1194 285650.0
246.5493 285472.0
247.4089 284776.0
247.8387 283108.0
248.6984 281630.0
249.1281 281492.0
249.5580 281264.0
249.9878 279854.0
250.4177 279136.0
250.8475 278462.0
251.2774 277782.0
251.7073 276138.0
254.7161 275674.0
255.5758 272916.0
256.0055 272744.0
256.8651 272270.0
257.2949 269608.0
258.1546 268750.0
258.5844 268246.0
259.0143 267996.0
259.8743 266764.0
260.7340 265100.0
261.1639 263994.0
262.0235 263806.0
262.4534 263748.0
262.8831 263294.0
263.3130 261330.0
264.1727 258824.0
265.0324 258118.0
265.4622 258104.0
265.8921 257240.0
267.1819 256826.0
268.0415 256354.0
268.4714 255008.0
269.3310 254104.0
269.7608 252218.0
270.1908 252140.0
270.6206 250826.0
271.0505 250740.0
271.9106 249186.0
272.3403 248558.0
272.7702 247300.0
273.6298 246920.0
274.0597 246052.0
274.4896 246044.0
274.9194 243578.0
275.3494 242300.0
275.7793 241772.0
277.0688 241474.0
277.9286 240756.0
278.3584 240270.0
278.7884 239702.0
279.2182 239278.0
280.0781 237926.0
282.2276 236828.0
282.6574 233854.0
283.0873 233192.0
283.5171 233064.0
283.9470 232588.0
284.3769 231260.0
284.8068 230874.0
286.0962 230822.0
286.5260 230540.0
286.9558 230130.0
287.3856 229864.0
287.8154 229560.0
288.2457 229506.0
288.6755 228264.0
289.5353 226462.0
289.9652 226130.0
290.3950 226072.0
291.2549 224560.0
291.6848 223404.0
292.1146 222432.0
292.5444 222038.0
292.9743 221980.0
293.4041 221632.0
293.8340 221504.0
294.2638 219512.0
295.1237 219188.0
295.5536 217312.0
297.7030 216894.0
298.1328 216092.0
298.9926 213848.0
299.4225 213804.0
299.8523 213574.0
300.2822 213438.0
302.4315 213222.0
302.8614 213204.0
303.2913 213128.0
303.7212 210676.0
304.1512 210568.0
305.0108 210202.0
306.7302 210144.0
307.1601 209914.0
307.5898 208088.0
308.0197 207768.0
308.4497 206770.0
308.8795 205980.0
309.3094 205914.0
310.1694 205604.0
311.0290 205398.0
311.4589 205186.0
311.8886 202258.0
312.3185 202182.0
312.7482 201994.0
313.1782 201212.0
313.6080 200892.0
314.0379 200346.0
314.8977 198770.0
315.7572 198722.0
316.1871 198648.0
316.6171 198416.0
317.0470 197470.0
317.4769 197456.0
320.9161 197370.0
321.3459 197288.0
322.2057 195622.0
324.3552 195548.0
325.2148 195526.0
326.0745 195300.0
326.9343 195274.0
328.2235 194656.0
328.6535 193776.0
329.0834 193376.0
331.6631 193002.0
332.5228 192894.0
332.9527 192786.0
333.3825 192584.0
334.2422 192548.0
335.1020 192504.0
336.3918 192460.0
336.8215 192390.0
338.1118 192342.0
338.9717 191754.0
339.4016 191312.0
339.8315 191142.0
341.1211 191096.0
341.5510 191014.0
341.9809 190892.0
343.2706 190630.0
344.1304 190528.0
351.4374 190516.0
352.2971 190182.0
352.7270 189146.0
353.5867 188994.0
355.3058 188714.0
356.1657 188122.0
357.0253 187734.0
357.4552 187690.0
357.8851 187644.0
358.3150 187228.0
358.7449 187154.0
359.1748 187028.0
359.6049 185606.0
368.6319 185512.0
371.6406 185352.0
372.9300 185246.0
375.9388 185012.0
376.3687 184854.0
377.2282 184832.0
378.0879 184800.0
378.5177 184730.0
378.9475 184488.0
381.9564 184296.0
382.8161 183996.0
383.2460 183976.0
383.6758 183840.0
396.5708 183796.0
403.4495 183788.0
403.8789 183766.0
405.5984 183712.0
406.4582 183638.0
409.0372 183618.0
409.8970 183610.0
412.9060 183592.0
413.7656 183244.0
415.9145 182996.0
426.6604 182852.0
431.3888 182808.0
433.9678 182750.0
453.3111 182602.0
453.7410 182600.0
455.0304 182140.0
461.0485 182102.0
463.1991 182082.0
465.7793 182064.0
482.9755 181986.0
489.4233 181924.0
492.8622 181880.0
507.0469 181514.0
509.1963 181458.0
