11.7722 18395912.0
12.2026 396420.0
12.6328 386972.0
13.0623 373840.0
13.4920 355476.0
15.2105 355450.0
15.6402 355274.0
16.0701 354320.0
17.3593 353430.0
19.0770 352210.0
19.5068 352162.0
19.9364 350752.0
20.3662 350436.0
25.9514 350336.0
26.3810 349636.0
28.0999 349466.0
29.3892 349306.0
34.1154 348784.0
34.5451 348568.0
34.9748 347744.0
35.4046 347406.0
37.1235 347006.0
37.5536 346510.0
39.7016 345628.0
40.1313 345518.0
62.9030 345366.0
65.9113 345098.0
66.7708 344986.0
67.2005 343736.0
68.0600 343168.0
70.2087 343086.0
71.9274 343076.0
72.7868 342642.0
74.9357 342566.0
114.4753 342212.0
115.3347 339778.0
116.6241 339300.0
125.2181 339032.0
129.5157 338822.0
130.3753 338240.0
131.6646 337566.0
132.0943 336620.0
132.5241 336414.0
132.9539 336166.0
133.3837 335708.0
134.2432 334146.0
134.6730 333864.0
144.1270 333558.0
145.8462 331840.0
146.2760 330460.0
148.4253 329866.0
148.8551 329798.0
149.2849 329706.0
153.1530 329120.0
154.4425 328184.0
154.8722 328146.0
155.3021 327670.0
158.7401 327248.0
159.1700 326574.0
160.8893 326438.0
161.3191 324480.0
163.4674 324144.0
163.8974 323178.0
164.3271 322304.0
164.7571 322002.0
166.0471 321374.0
167.7667 321214.0
178.5124 320996.0
181.9508 320286.0
182.3806 319542.0
185.3896 319098.0
185.8193 318170.0
186.2492 316668.0
187.9685 316302.0
188.3983 315974.0
189.2577 315260.0
191.8362 314852.0
192.2659 314624.0
194.8449 313996.0
195.2750 313306.0
196.5644 312764.0
197.4239 311708.0
197.8537 311042.0
199.5728 310872.0
201.7220 310618.0
202.1518 307640.0
202.5819 307382.0
203.0117 306446.0
203.4416 305124.0
203.8712 304060.0
205.1606 303570.0
206.0200 303450.0
208.5989 303182.0
209.0287 302888.0
209.4588 302388.0
209.8886 302358.0
210.3184 302026.0
210.7481 300474.0
216.7658 299648.0
217.1956 299220.0
217.6254 298784.0
218.9149 297606.0
219.7746 295506.0
222.3528 295246.0
222.7825 294690.0
223.2123 294124.0
223.6423 293990.0
225.3613 293538.0
225.7912 292944.0
226.2210 292122.0
227.0806 291558.0
227.5105 290968.0
227.9403 289474.0
228.7997 287906.0
234.8173 285686.0
235.2472 285254.0
236.1069 285188.0
236.5366 282496.0
236.9665 279922.0
237.8259 279606.0
239.1156 278536.0
239.9752 276946.0
240.4051 275212.0
241.2645 273134.0
242.1243 272960.0
242.5540 271648.0
243.8433 271226.0
244.2730 269908.0
251.5796 269780.0
252.4393 268836.0
252.8691 267838.0
253.7287 267044.0
254.1586 265146.0
254.5882 263966.0
255.0181 263712.0
255.4475 260364.0
255.8773 259602.0
256.7367 259478.0
257.1664 257456.0
257.5962 255470.0
258.0258 254564.0
258.4556 253304.0
258.8853 252334.0
259.7450 252202.0
260.1748 250750.0
260.6044 250516.0
261.0342 248964.0
261.4638 248850.0
262.3235 245128.0
262.7533 245076.0
263.1830 243668.0
263.6129 242364.0
265.7618 240638.0
266.6214 239126.0
267.0512 238830.0
267.9105 236158.0
268.7701 235696.0
269.1997 233914.0
269.6296 232794.0
270.0593 232434.0
270.9188 231054.0
271.3486 230862.0
271.7784 230746.0
272.2082 228864.0
273.0680 228506.0
273.9274 227192.0
274.3572 226780.0
275.2164 225448.0
277.3652 223850.0
277.7949 223794.0
278.2248 223592.0
278.6545 223464.0
279.0843 221352.0
279.5140 221152.0
279.9438 220942.0
280.3734 218794.0
282.9526 218254.0
283.3824 218214.0
284.2420 218044.0
284.6718 216206.0
285.5315 214948.0
285.9612 214928.0
286.3910 213338.0
286.8208 211652.0
287.2506 210888.0
287.6804 209692.0
288.5403 209260.0
288.9701 208606.0
289.8297 207630.0
290.2595 206734.0
290.6892 205730.0
291.1190 205714.0
291.9787 202054.0
292.4084 201792.0
292.8383 201672.0
293.2681 200998.0
293.6980 199638.0
294.1278 197404.0
294.5576 197310.0
295.8470 196564.0
296.2769 196156.0
296.7067 195938.0
297.1366 195314.0
297.5662 193212.0
298.4259 191158.0
298.8558 190990.0
299.2852 190608.0
301.0043 189736.0
302.7238 189382.0
303.5834 188962.0
305.7325 188458.0
306.1622 186840.0
306.5921 186662.0
307.0218 186492.0
307.4516 186196.0
308.7409 186186.0
309.1707 186022.0
309.6006 184806.0
310.0305 184376.0
311.3203 183024.0
311.7505 182980.0
312.6102 182168.0
313.0401 182156.0
314.3294 181636.0
314.7593 181360.0
316.4783 181274.0
317.3381 180738.0
317.7678 180404.0
318.6275 179582.0
320.7761 179334.0
321.2061 179082.0
321.6357 178334.0
322.0656 178256.0
323.3552 178178.0
326.3640 177564.0
326.7938 177198.0
327.6534 177176.0
328.0832 176540.0
328.5130 176534.0
328.9430 175692.0
329.3727 175274.0
330.2323 175196.0
330.6621 175088.0
331.5218 174804.0
331.9516 174678.0
332.3814 172934.0
332.8112 172924.0
333.2410 172914.0
334.1008 172618.0
334.5305 172592.0
334.9604 172134.0
336.6793 171918.0
337.1092 171780.0
337.5390 171726.0
337.9688 171592.0
338.3988 171470.0
339.6881 171418.0
340.1179 171320.0
340.5476 170734.0
340.9775 169664.0
341.4073 169396.0
341.8371 168918.0
342.2669 167736.0
345.7047 167506.0
346.1345 167374.0
346.5642 167264.0
347.8537 167018.0
348.2834 166984.0
350.4325 166412.0
351.7216 165482.0
353.0113 164396.0
353.4410 164260.0
353.8708 164234.0
354.3005 163218.0
355.1602 163150.0
355.5901 163142.0
356.0199 163112.0
356.4496 163060.0
361.1774 162668.0
361.6072 161744.0
362.4669 161732.0
363.7562 161578.0
364.6158 161008.0
369.3437 160924.0
369.7735 160328.0
371.4925 160268.0
371.9225 160234.0
373.6415 160144.0
375.3611 160104.0
375.7909 159980.0
376.2208 159874.0
376.6505 159808.0
378.3699 159772.0
381.8082 159770.0
384.3876 159702.0
384.8174 159658.0
385.2472 159530.0
385.6771 159306.0
386.1069 159282.0
387.8258 159258.0
388.6857 159246.0
401.1488 159188.0
401.5785 159140.0
402.4380 158250.0
404.1573 158208.0
406.3061 158132.0
407.5955 158108.0
408.4551 157948.0
408.8850 157928.0
409.3147 157818.0
412.7532 157718.0
415.7616 157340.0
416.6214 157082.0
417.0511 157022.0
417.4813 157010.0
418.7702 156956.0
422.2085 156898.0
423.0681 156806.0
423.9280 156730.0
428.2254 156680.0
432.0938 156600.0
434.6719 156588.0
436.8208 156502.0
441.9776 156494.0
464.3277 156404.0
465.1872 156400.0
472.0638 156366.0
475.0720 156350.0
475.5018 156282.0
478.5100 156208.0
488.3955 156144.0
492.2630 156112.0
493.1226 156060.0
495.2711 156038.0
496.9903 156036.0
503.4368 155976.0
