12.8312 18178128.0
13.2612 389200.0
13.6912 377500.0
14.1210 371486.0
14.5508 360508.0
14.9805 359316.0
15.4103 358240.0
16.6992 357758.0
17.5587 356950.0
18.4180 356502.0
18.8478 355122.0
19.7071 355004.0
25.2943 354674.0
42.4833 354508.0
42.9135 354162.0
43.3432 353782.0
48.0714 353536.0
72.1375 353138.0
74.2864 352728.0
75.5756 351286.0
76.0054 351128.0
78.1539 350662.0
78.5839 349984.0
91.4773 349948.0
92.7669 349332.0
94.0560 348852.0
94.4858 347476.0
95.7755 347000.0
97.4950 346972.0
97.9249 345796.0
99.2144 344408.0
100.0742 343852.0
100.5040 343640.0
116.4048 341532.0
118.1242 341338.0
118.5540 341016.0
121.5630 340608.0
121.9928 339262.0
122.4226 338972.0
128.0094 338012.0
128.4393 337512.0
130.1586 336832.0
130.5883 336592.0
132.7372 336056.0
133.5968 335656.0
134.0266 335362.0
134.8863 334796.0
142.6222 334470.0
143.9118 333768.0
144.7714 333150.0
145.6312 331336.0
146.0610 330788.0
151.6489 330388.0
152.5086 329396.0
154.2281 328842.0
154.6580 327710.0
159.3864 325524.0
169.2710 324322.0
170.5605 324224.0
170.9903 323088.0
171.8502 322194.0
172.2799 321226.0
173.1396 320336.0
177.4371 320238.0
177.8669 318712.0
178.2968 318400.0
179.5865 317978.0
180.0162 317298.0
181.7355 316376.0
185.1743 314310.0
185.6044 313966.0
186.0345 312248.0
189.0438 311090.0
189.9033 310758.0
191.6227 309152.0
193.7720 308716.0
194.2019 308296.0
205.3769 308014.0
206.2367 307702.0
206.6665 307122.0
207.0966 306774.0
207.9566 306592.0
208.8169 305582.0
209.6770 304972.0
210.1070 303878.0
213.5475 303188.0
214.4078 303040.0
214.8382 302274.0
215.2683 301622.0
216.1285 300714.0
216.5586 299828.0
216.9885 299492.0
217.8485 299376.0
221.7188 299052.0
222.5787 298058.0
223.0085 297392.0
223.4384 296652.0
224.2981 296474.0
225.1578 295638.0
225.5876 295278.0
226.0174 294824.0
226.8772 294484.0
229.8865 290900.0
233.7547 288286.0
236.3342 288084.0
237.1938 287440.0
237.6236 287244.0
238.4830 286762.0
238.9129 286316.0
239.3428 285378.0
239.7726 283716.0
240.6324 282824.0
242.3519 282742.0
242.7817 279296.0
245.7910 278776.0
246.2207 275854.0
247.0804 275508.0
247.5102 272416.0
247.9400 271562.0
253.0970 269430.0
253.9567 268632.0
254.3865 267534.0
255.2461 266526.0
255.6758 263712.0
257.3951 262962.0
257.8252 260068.0
258.2551 257642.0
258.6848 257496.0
259.1146 256608.0
259.9741 254528.0
260.4041 254038.0
260.8338 253740.0
261.6936 253198.0
262.1234 250822.0
262.5533 250792.0
262.9831 249476.0
263.4130 248138.0
263.8429 247696.0
264.2727 246632.0
264.7026 246584.0
265.5626 245058.0
265.9924 242842.0
266.4223 242264.0
266.8520 240444.0
267.2821 240208.0
268.5715 238310.0
269.0013 237968.0
269.4310 237828.0
269.8608 237780.0
270.2907 236338.0
272.4400 236264.0
273.2996 236144.0
273.7294 236034.0
274.1593 233896.0
274.5891 232000.0
275.8783 231744.0
276.7380 231378.0
277.1678 231340.0
277.5977 228574.0
278.0274 228094.0
278.8872 226008.0
279.3173 225686.0
279.7473 225460.0
280.1772 224836.0
280.6071 224268.0
281.0369 223832.0
281.4668 223772.0
281.8966 223668.0
282.3264 222588.0
282.7562 221832.0
283.1861 220438.0
283.6160 219750.0
284.0459 219334.0
288.3440 218678.0
288.7739 217588.0
289.2036 216564.0
289.6335 215268.0
290.4931 214648.0
290.9229 213630.0
291.3528 213460.0
291.7825 213408.0
292.6421 213392.0
293.0720 213076.0
293.5019 212582.0
293.9319 212244.0
294.3616 211272.0
294.7916 211218.0
295.2214 209926.0
295.6513 209864.0
296.0810 209746.0
296.5110 209638.0
296.9408 208302.0
297.3707 208034.0
297.8007 207350.0
298.6605 206164.0
299.5202 205856.0
299.9500 205726.0
300.3798 205408.0
300.8101 203836.0
301.2398 203520.0
301.6697 201140.0
302.0994 200618.0
302.5293 199520.0
302.9591 199276.0
303.3889 199204.0
303.8187 198724.0
304.2483 197516.0
304.6780 197344.0
305.1080 197144.0
305.5377 196596.0
306.3974 195274.0
306.8272 195226.0
307.2571 195144.0
309.4062 194252.0
310.2658 192770.0
310.6956 192178.0
311.1255 191984.0
311.5552 191844.0
311.9851 191328.0
312.8446 190410.0
313.7043 190228.0
314.1341 189772.0
314.5640 189764.0
314.9939 189032.0
315.4237 188442.0
315.8534 188332.0
316.2832 187482.0
317.5726 187330.0
318.4322 187308.0
318.8619 186302.0
319.2917 185912.0
319.7215 184742.0
321.0109 184164.0
321.8705 184162.0
322.3005 184128.0
322.7302 182918.0
323.1601 182870.0
324.0198 182558.0
325.3092 182536.0
325.7390 182478.0
327.4584 182210.0
327.8881 182052.0
328.7478 181730.0
329.6076 181686.0
330.0375 181594.0
330.8969 181484.0
333.0458 181288.0
333.4757 181278.0
334.3353 181136.0
335.1949 181102.0
335.6248 180954.0
336.0545 180378.0
336.4844 179742.0
336.9143 179406.0
337.3442 179262.0
337.7739 177990.0
338.2038 176890.0
338.6336 175702.0
339.4933 174860.0
339.9247 174814.0
340.7844 174354.0
341.6438 174282.0
342.0737 173982.0
342.5036 173942.0
342.9335 173168.0
343.3633 171112.0
343.7933 171104.0
345.9420 170960.0
348.0912 170938.0
348.5209 170792.0
348.9509 170424.0
349.3806 168526.0
349.8104 168506.0
350.2404 168414.0
350.6703 167834.0
351.1002 167192.0
351.5301 166952.0
351.9599 166658.0
352.3897 165900.0
352.8195 165676.0
353.2494 165572.0
354.1088 165510.0
354.5387 165414.0
359.2664 164882.0
360.5559 164860.0
363.9944 164676.0
364.8542 164076.0
365.2841 164030.0
365.7139 163926.0
366.5736 162828.0
368.2929 162816.0
368.7228 162776.0
369.1527 162762.0
370.0123 162678.0
370.4422 162676.0
375.1700 162600.0
377.7497 162570.0
379.0391 162518.0
388.0660 162322.0
390.6443 162320.0
391.0742 162308.0
392.3634 162256.0
392.7932 162240.0
393.2230 162118.0
394.5129 162100.0
398.3806 161986.0
400.1002 161676.0
400.5299 161660.0
401.8195 161574.0
402.2495 161534.0
403.1093 161532.0
418.1527 161486.0
421.5918 161458.0
422.4513 161420.0
424.6007 161358.0
438.3527 161100.0
439.2124 161002.0
443.5099 160962.0
444.7995 160228.0
446.0887 160166.0
449.9570 160140.0
450.8164 159362.0
452.5359 159184.0
455.1145 159088.0
461.9926 158914.0
462.4224 158858.0
463.7118 158596.0
465.8609 158584.0
466.2908 158496.0
467.5801 158482.0
468.8697 158428.0
470.1590 158402.0
471.4485 158354.0
475.7466 158326.0
481.7639 158294.0
483.0530 158272.0
484.3426 158260.0
488.6404 158252.0
489.9301 158060.0
491.2191 157962.0
501.1054 157942.0
