11.9856 17371414.0
12.4162 393018.0
12.8464 378862.0
13.2765 375678.0
13.7062 364156.0
14.1360 361628.0
14.5658 360570.0
14.9954 360324.0
15.8547 360280.0
16.2845 359658.0
16.7140 357076.0
17.1437 356888.0
17.5734 355898.0
18.0031 354922.0
18.4328 353424.0
23.1573 353368.0
24.4461 352550.0
24.8757 352110.0
39.0535 351394.0
44.2088 350440.0
64.8334 350228.0
65.2631 349608.0
66.5522 348902.0
68.2707 348672.0
69.1303 347104.0
70.4192 346424.0
72.1380 345712.0
74.2865 345576.0
74.7163 344304.0
79.0131 343894.0
80.3022 342292.0
80.7322 341066.0
95.3421 340944.0
96.2014 340084.0
96.6311 339526.0
97.9201 339066.0
98.7795 338976.0
102.6463 338492.0
103.0760 338368.0
103.5057 337982.0
109.9515 337532.0
110.3812 337048.0
112.5297 335994.0
115.9670 335732.0
116.3967 334488.0
116.8265 333802.0
117.2561 333524.0
118.9746 333220.0
119.4044 332258.0
127.5678 331712.0
133.5842 331454.0
134.0139 330440.0
134.4437 329484.0
134.8734 329156.0
135.3032 329064.0
136.5922 328142.0
137.4517 328116.0
153.3500 327628.0
155.0688 327244.0
156.7885 327222.0
158.0785 326394.0
158.9384 325828.0
159.3685 325022.0
159.7985 323830.0
161.5173 322762.0
167.9623 322696.0
172.6893 322320.0
173.1190 321380.0
176.5564 320550.0
179.5656 320482.0
184.2924 320342.0
185.1516 319594.0
189.4481 319352.0
189.8778 319082.0
190.3075 318078.0
193.7443 317892.0
196.7529 317856.0
197.1825 317306.0
197.6123 317034.0
198.4716 316188.0
198.9014 314610.0
199.3313 314270.0
200.6205 313456.0
201.0503 313244.0
201.9096 312354.0
211.3616 311260.0
211.7913 311072.0
212.2210 310334.0
213.9399 310072.0
216.0879 309236.0
216.5175 307460.0
216.9473 306396.0
217.8067 305782.0
218.2364 305706.0
218.6662 304454.0
221.2443 303042.0
221.6740 302086.0
222.5330 301740.0
222.9627 300256.0
223.3924 299508.0
226.8298 299018.0
227.2595 298718.0
228.1188 298534.0
228.5485 297046.0
228.9781 296632.0
230.6966 296422.0
231.1266 296094.0
231.9859 295552.0
232.8452 294670.0
233.2749 294056.0
234.1343 293920.0
234.9936 293506.0
235.4234 293292.0
236.2827 291962.0
237.1422 291662.0
237.5718 290370.0
238.0016 289564.0
238.8609 289248.0
239.2906 288940.0
240.5794 287096.0
241.0090 283726.0
241.8683 282274.0
242.2980 282164.0
243.5870 281814.0
244.0167 280864.0
244.4463 280858.0
244.8761 280806.0
247.8838 278814.0
249.1730 277492.0
249.6026 277448.0
250.0323 276126.0
250.4619 275108.0
250.8916 274668.0
251.3213 274510.0
251.7508 274010.0
253.4699 273958.0
253.8996 273168.0
254.3293 272638.0
254.7589 272226.0
255.1887 271900.0
255.6184 270136.0
256.0481 269166.0
256.4778 268926.0
256.9074 267596.0
258.1966 267292.0
258.6263 266686.0
259.0560 264608.0
259.4856 263726.0
259.9155 262954.0
260.7748 262680.0
261.2046 261638.0
261.6343 261154.0
262.0641 260928.0
262.4938 260308.0
262.9235 259094.0
263.3534 258902.0
264.2129 256250.0
264.6426 255450.0
265.5020 254942.0
266.3612 251892.0
268.9397 250704.0
269.7992 249818.0
270.2290 248476.0
270.6587 247938.0
271.0883 246888.0
271.5180 246746.0
271.9475 246744.0
272.3772 245596.0
272.8068 244126.0
273.2365 241686.0
273.6662 240438.0
274.0960 240298.0
274.5257 240198.0
274.9553 239896.0
275.3850 239040.0
275.8147 238810.0
276.2444 238328.0
277.1034 238254.0
277.5330 237296.0
277.9626 236002.0
278.3924 235740.0
278.8222 235600.0
279.2518 234552.0
279.6815 233020.0
280.1112 231024.0
281.8301 229426.0
282.6895 226746.0
283.9783 224744.0
284.8377 224282.0
285.2674 223188.0
287.4160 222774.0
287.8458 222394.0
288.2755 221932.0
288.7052 221740.0
289.1350 220184.0
289.9945 219674.0
290.4242 219152.0
290.8538 216988.0
291.2836 216330.0
291.7132 215978.0
292.1430 215710.0
292.5726 214782.0
293.0024 213298.0
293.4320 211856.0
293.8618 211838.0
294.2915 209398.0
296.0106 209116.0
296.4403 208566.0
296.8700 206570.0
297.7295 205894.0
298.1593 205432.0
299.0188 204938.0
300.7377 204644.0
301.1673 204568.0
302.0268 203720.0
303.7460 203170.0
304.1758 201586.0
304.6056 201232.0
305.0354 201218.0
305.4652 201028.0
305.8949 200972.0
306.3247 198276.0
306.7544 197820.0
307.1840 197358.0
307.6138 196374.0
309.3323 195152.0
309.7620 194528.0
311.0511 194166.0
311.4807 193448.0
311.9104 193400.0
312.3402 192252.0
312.7701 190630.0
313.2013 190040.0
313.6310 189926.0
314.0604 189588.0
314.4902 189248.0
314.9199 189120.0
315.3498 188306.0
315.7794 188166.0
316.2091 188150.0
317.0688 186298.0
317.4986 185080.0
319.2190 184620.0
319.6487 184418.0
320.0783 182984.0
320.5079 181904.0
320.9376 181702.0
321.3672 181528.0
321.7968 181494.0
322.2265 181004.0
322.6562 180984.0
323.0860 180534.0
323.9455 180354.0
324.3754 179650.0
324.8052 178204.0
325.2348 178178.0
325.6645 178168.0
328.2424 177726.0
331.2502 177328.0
331.6800 176984.0
332.1097 176940.0
332.5392 176796.0
333.3987 174892.0
333.8285 174882.0
334.2582 174828.0
334.6878 174102.0
335.9767 173812.0
336.4062 172420.0
338.1250 172222.0
339.8436 172162.0
340.7029 172020.0
341.5621 171782.0
342.8512 170764.0
344.1403 170740.0
345.8588 170288.0
346.2885 169722.0
346.7182 169602.0
348.8661 169570.0
349.2957 169492.0
349.7253 169470.0
351.8735 169294.0
352.3031 168630.0
352.7328 168614.0
353.5925 168596.0
354.0223 168546.0
354.4519 168368.0
357.8892 168298.0
358.3189 168220.0
358.7485 168196.0
359.6075 168178.0
360.0374 168100.0
360.4671 167924.0
361.3264 167914.0
364.7631 167910.0
365.6224 167852.0
366.4816 167802.0
367.3412 167762.0
368.2006 167744.0
369.0601 166718.0
370.3489 166682.0
371.6381 166636.0
372.9270 166628.0
375.0762 166588.0
375.5058 166542.0
377.6544 166480.0
378.5137 166380.0
379.3730 166190.0
381.9507 166156.0
382.8100 166038.0
384.5288 165876.0
384.9584 164656.0
386.6770 164598.0
392.6924 164470.0
393.1221 164382.0
395.2705 164358.0
396.5595 164320.0
397.4188 164302.0
397.8485 164186.0
399.9968 164166.0
404.7232 164152.0
405.5826 163852.0
408.5901 163812.0
409.4495 163778.0
413.3164 163656.0
414.6053 163584.0
415.4646 163500.0
416.3240 163322.0
418.9021 163312.0
419.7616 163202.0
426.6361 163170.0
429.2143 163156.0
429.6440 163082.0
432.2220 163034.0
479.4842 163020.0
497.1022 162996.0
