25.0728 81300216.0
26.6240 21561920.0
27.1403 996040.0
27.6572 990248.0
28.6905 990032.0
40.5712 989910.0
41.0877 989206.0
43.1555 988870.0
47.2900 987862.0
50.9102 987718.0
51.4273 987246.0
51.9446 986824.0
52.4614 986680.0
56.0801 986596.0
57.1147 986006.0
58.6655 984304.0
162.1272 983750.0
163.1621 983474.0
163.6797 983400.0
188.5157 983214.0
189.0327 982308.0
189.5502 981886.0
268.1823 980628.0
269.2167 980394.0
269.7340 979396.0
274.3912 978374.0
275.4258 977572.0
275.9429 976838.0
276.4603 975974.0
276.9780 974544.0
285.2651 973478.0
285.7832 972716.0
286.3010 972380.0
288.3699 970856.0
290.4410 970508.0
292.5126 970308.0
293.0305 969374.0
294.5824 967878.0
295.6174 967498.0
296.1347 967306.0
296.6516 964874.0
297.1691 964694.0
297.6865 963894.0
299.2386 960620.0
299.7560 958972.0
300.7908 958894.0
301.3078 957202.0
301.8250 955686.0
302.3426 955618.0
303.3775 954526.0
303.8949 954514.0
304.4126 954124.0
306.4812 952848.0
306.9984 952410.0
307.5159 951590.0
308.0329 951150.0
308.5505 950374.0
309.5856 947860.0
310.1030 947422.0
310.6207 944894.0
311.1379 943340.0
313.2072 943062.0
314.2422 942424.0
314.7597 940422.0
315.2769 939578.0
316.3119 938934.0
316.8296 938690.0
317.3470 937218.0
318.3820 935274.0
318.8996 932812.0
320.4516 931728.0
320.9692 931138.0
322.0039 929462.0
322.5212 929374.0
324.5911 928220.0
325.1084 923922.0
325.6256 923674.0
326.1432 921238.0
326.6605 919400.0
327.6958 918670.0
328.2135 912862.0
329.2481 911908.0
329.7653 911634.0
330.2830 909220.0
330.7998 908452.0
331.3173 908330.0
332.3521 906736.0
332.8693 905782.0
333.3864 905748.0
333.9036 903508.0
334.4213 902258.0
334.9386 899632.0
335.4562 898696.0
337.0082 896930.0
337.5257 895316.0
340.1126 895124.0
340.6301 894388.0
341.1472 892350.0
342.1815 892028.0
342.6990 888218.0
343.2163 888134.0
343.7338 885328.0
346.3212 880770.0
346.8389 880296.0
347.3557 879728.0
347.8734 878498.0
348.9083 876936.0
353.5651 876116.0
354.0827 874652.0
354.6001 873480.0
355.1178 872876.0
355.6345 872344.0
357.1868 866980.0
358.7380 866166.0
359.2557 865654.0
361.8427 863798.0
362.3603 861428.0
362.8778 858440.0
363.3952 854194.0
363.9123 852718.0
364.9467 850956.0
365.4644 847554.0
365.9816 843648.0
367.0164 841558.0
367.5341 840500.0
368.0516 840312.0
368.5689 840282.0
370.1212 838816.0
371.1565 838496.0
372.1912 832158.0
373.2261 830214.0
374.2606 829422.0
374.7783 826590.0
375.2950 821692.0
375.8127 819720.0
376.3299 816734.0
376.8475 813622.0
377.3649 811522.0
377.8825 810346.0
378.3999 808748.0
378.9176 808640.0
379.4350 806270.0
380.4693 803470.0
380.9870 799542.0
381.5038 798606.0
383.0560 795800.0
383.5735 790782.0
385.1264 787388.0
386.1611 787322.0
386.6787 786710.0
387.1963 785964.0
387.7138 782830.0
388.2314 779672.0
388.7487 779280.0
389.2664 777220.0
389.7838 774450.0
390.3016 772594.0
390.8186 769908.0
391.3363 767122.0
391.8537 764160.0
392.3714 763016.0
392.8889 761156.0
395.4753 757512.0
395.9930 753410.0
396.5106 752822.0
397.0278 749932.0
397.5454 746908.0
398.0627 744052.0
398.5802 743316.0
399.0975 741722.0
400.6495 737130.0
401.1667 734988.0
401.6844 733296.0
402.7190 732386.0
403.2364 730720.0
404.7890 730214.0
405.8242 728504.0
406.3413 727550.0
406.8588 726404.0
407.3760 723152.0
408.4110 721758.0
408.9288 719486.0
409.4461 719458.0
409.9638 716206.0
410.4812 713976.0
410.9987 709026.0
411.5162 707798.0
412.0340 706328.0
412.5515 705194.0
413.0693 703738.0
413.5867 701536.0
414.6218 698752.0
415.1395 695644.0
415.6560 692130.0
416.1739 690950.0
416.6910 689712.0
417.2087 687886.0
417.7262 687746.0
418.2439 686542.0
419.2791 686318.0
420.3141 684726.0
420.8315 683854.0
421.3492 680826.0
421.8667 678380.0
422.3840 675284.0
422.9015 674624.0
423.4192 672488.0
423.9368 668192.0
424.4547 664148.0
424.9723 661460.0
425.4897 659348.0
426.0067 658402.0
427.0420 656404.0
427.5597 652412.0
428.0771 651826.0
428.5947 651512.0
429.1119 650580.0
429.6295 649090.0
430.1467 648532.0
430.6643 647804.0
431.1815 646334.0
432.7341 644450.0
433.2511 644404.0
433.7687 642296.0
434.2859 639668.0
434.8038 638366.0
436.8736 637228.0
437.3909 632590.0
437.9087 628936.0
438.4258 626924.0
438.9432 625574.0
439.4605 622868.0
439.9782 621940.0
440.4956 619720.0
441.0132 616930.0
441.5302 616108.0
442.0479 615168.0
442.5655 611634.0
444.1180 609320.0
444.6352 608154.0
445.1530 606076.0
446.1880 603760.0
446.7053 600300.0
447.2229 598226.0
447.7396 596796.0
448.2565 595558.0
448.7738 594680.0
449.2916 593846.0
449.8088 591340.0
450.3264 591182.0
450.8436 590948.0
451.3612 590252.0
451.8780 586792.0
453.4302 584050.0
453.9475 580208.0
454.4653 579446.0
454.9828 577204.0
455.5002 577054.0
456.0175 574902.0
456.5348 570650.0
457.0520 568262.0
457.5696 566018.0
458.0871 564046.0
458.6047 562862.0
459.1219 562770.0
459.6395 561898.0
460.1567 559578.0
461.1912 558314.0
461.7089 555934.0
462.2261 555556.0
462.7438 554342.0
463.2611 553838.0
463.7788 552116.0
464.2960 549246.0
464.8135 547516.0
465.3308 546970.0
465.8487 546026.0
466.3661 544744.0
466.8838 543044.0
467.4015 541988.0
467.9192 540968.0
468.4365 534930.0
469.4716 531498.0
469.9894 530350.0
470.5070 528100.0
471.0247 526298.0
471.5420 524504.0
472.0599 520918.0
472.5771 519250.0
473.0946 516460.0
473.6111 514504.0
474.1287 511758.0
474.6460 511462.0
475.1639 511092.0
475.6813 508816.0
476.1988 508198.0
476.7163 508090.0
477.2340 505708.0
477.7514 502674.0
478.2691 501542.0
478.7865 500106.0
479.3041 499410.0
479.8213 499242.0
480.3391 497998.0
480.8563 497744.0
481.8913 497332.0
482.4092 496724.0
482.9265 493550.0
483.4443 491434.0
483.9615 490118.0
484.4790 489722.0
484.9963 488936.0
485.5137 484522.0
486.0310 483956.0
486.5485 482878.0
487.0675 482788.0
487.5852 481518.0
488.1026 480180.0
488.6203 479340.0
489.1377 476578.0
490.1728 476510.0
490.6904 475382.0
491.2076 473456.0
491.7252 471260.0
492.2426 470598.0
492.7599 469656.0
493.2768 469148.0
493.7944 467448.0
494.3117 466614.0
494.8294 465846.0
495.3466 465834.0
495.8642 465162.0
496.3816 465150.0
496.8993 464894.0
497.9346 463364.0
498.9695 462608.0
499.4869 461646.0
500.0047 461092.0
500.5220 460738.0
501.0395 460534.0
501.5567 459880.0
502.0746 459632.0
502.5918 459292.0
504.1446 459242.0
504.6621 458876.0
505.1794 458830.0
505.6967 457410.0
506.2144 456452.0
506.7317 456290.0
507.2493 455516.0
507.7667 454786.0
508.2843 454704.0
509.3193 454536.0
509.8365 454532.0
510.3538 453870.0
510.8710 453504.0
511.3883 453478.0
511.9056 453142.0
512.4231 453078.0
513.4569 453076.0
513.9742 453054.0
514.4916 452858.0
515.0088 452834.0
515.5265 452826.0
519.1490 452720.0
519.6662 452066.0
520.1837 451304.0
523.2876 450438.0
523.8054 450294.0
524.3225 449658.0
524.8403 449540.0
525.3579 449538.0
525.8756 448932.0
529.4974 448052.0
530.0151 447164.0
531.5673 447122.0
532.0850 447018.0
532.6025 446834.0
533.1203 446804.0
533.6377 446680.0
534.6726 446670.0
535.7073 446460.0
536.7421 446160.0
539.3298 445660.0
540.3643 445650.0
540.8815 445112.0
541.3991 444324.0
541.9165 444298.0
542.4339 444286.0
543.4691 444112.0
543.9864 443548.0
545.0207 443514.0
545.5384 443316.0
546.0558 443024.0
546.5737 442180.0
547.0910 442156.0
548.1258 441910.0
549.1606 441856.0
549.6783 439766.0
552.2656 439476.0
554.8533 438832.0
555.8883 438794.0
556.9234 438768.0
557.4406 438690.0
557.9584 438198.0
558.9934 437752.0
562.6151 437654.0
563.1328 437630.0
574.5136 437596.0
577.1004 437544.0
578.1352 437516.0
580.2044 437462.0
582.2741 437430.0
583.8265 437402.0
585.8954 437290.0
587.4475 437196.0
593.1379 437146.0
593.6550 437096.0
594.6900 437068.0
596.2424 436988.0
597.7935 436782.0
603.4839 436734.0
605.0361 436614.0
605.5537 436546.0
606.5889 436504.0
607.6235 436444.0
608.1407 436422.0
611.2442 436410.0
632.9742 436348.0
634.5263 436346.0
635.0435 436328.0
635.5611 435662.0
636.5959 435620.0
642.8041 435610.0
