26.6179 79220888.0
28.1681 29718022.0
28.6844 1018486.0
30.7498 1018254.0
35.3971 1017358.0
39.5312 1017216.0
42.1131 1016852.0
55.5492 1016296.0
56.5830 1015760.0
58.6490 1013034.0
277.4307 1012712.0
278.4649 1009204.0
278.9822 1008806.0
280.0169 1008328.0
280.5344 1008248.0
281.0521 1007672.0
284.1558 1007208.0
288.2936 1007040.0
288.8108 1004038.0
291.3960 1003888.0
291.9131 1003470.0
292.9477 1003348.0
293.4652 1002834.0
293.9822 1002720.0
294.4997 1001992.0
295.0169 1001652.0
295.5345 1001568.0
296.0516 1001338.0
297.0860 1000510.0
297.6036 999320.0
299.1559 997528.0
299.6736 996836.0
300.1906 994728.0
301.2252 992952.0
301.7426 991162.0
303.2943 990318.0
303.8116 988776.0
307.4315 988690.0
309.5003 987506.0
310.0175 986646.0
311.0521 985688.0
311.5692 984704.0
312.0865 983108.0
312.6039 982928.0
313.1213 982650.0
313.6387 982252.0
314.1560 982000.0
316.2241 981008.0
317.2585 978996.0
317.7753 978188.0
318.2928 977978.0
318.8098 973118.0
323.9811 972594.0
324.4985 972328.0
325.0158 972080.0
325.5332 971736.0
326.0501 971550.0
326.5674 969890.0
327.0844 967430.0
327.6016 967022.0
328.1187 964494.0
328.6363 964372.0
329.1535 962874.0
329.6705 960174.0
330.1876 959614.0
332.2563 959346.0
332.7737 957128.0
333.8081 956888.0
336.9099 955446.0
337.4263 952682.0
337.9437 949492.0
341.5649 947418.0
342.5997 945718.0
344.1523 943240.0
345.1868 942066.0
346.2215 941482.0
347.2561 940840.0
348.8077 938078.0
349.3251 937244.0
349.8427 936914.0
351.3941 935094.0
351.9111 930456.0
352.4283 930082.0
352.9451 929876.0
353.4624 927944.0
354.4969 927674.0
356.0485 927182.0
356.5656 926266.0
357.5996 922824.0
358.6341 922432.0
359.1516 920000.0
359.6688 919024.0
360.1862 918048.0
360.7038 917168.0
361.7381 916052.0
362.2552 915760.0
363.2895 915530.0
363.8073 911728.0
364.8420 911040.0
365.3593 909476.0
365.8768 909342.0
366.3943 907350.0
367.4290 907192.0
368.4639 905340.0
368.9812 902302.0
370.0160 901440.0
370.5332 899722.0
371.0511 896026.0
371.5683 894088.0
372.6031 893678.0
373.1203 891480.0
374.1546 890408.0
375.7060 887656.0
376.7405 885880.0
377.7752 882726.0
378.2930 881354.0
378.8101 879290.0
379.3278 877850.0
379.8447 874268.0
380.3623 874080.0
380.8794 873690.0
381.3970 871760.0
381.9130 871086.0
382.4307 870738.0
382.9479 869512.0
383.4654 865934.0
383.9826 863142.0
384.4992 862528.0
385.0160 860236.0
385.5333 859042.0
387.6024 857558.0
388.1193 854030.0
388.6359 852976.0
389.1532 851748.0
389.6705 850924.0
390.1876 849850.0
390.7050 847532.0
391.2223 846188.0
391.7399 842822.0
392.2568 841626.0
392.7748 840870.0
393.2919 837844.0
393.8095 835612.0
394.8440 834764.0
395.3608 833420.0
395.8785 833010.0
396.9128 830678.0
397.4298 830348.0
397.9472 828188.0
398.4639 826150.0
398.9811 825198.0
399.4983 824844.0
400.0163 821744.0
400.5337 819980.0
401.0513 818814.0
401.5681 816252.0
402.0853 812314.0
402.6024 809226.0
403.6364 805916.0
404.1539 804574.0
404.6712 801486.0
405.1881 801082.0
405.7053 795088.0
406.2228 790644.0
407.2576 787532.0
407.7750 784118.0
408.2926 783204.0
408.8100 781372.0
409.3273 780252.0
409.8445 777248.0
410.8794 775058.0
411.3969 774824.0
411.9139 772834.0
412.4307 771058.0
412.9481 767260.0
413.4656 765546.0
413.9829 763882.0
414.5005 761752.0
415.0171 761142.0
415.5346 758098.0
416.0516 753280.0
417.6033 752342.0
418.1202 749444.0
418.6377 747082.0
419.1551 743728.0
419.6726 739126.0
421.2247 735624.0
421.7422 732590.0
422.2594 731998.0
422.7769 731054.0
423.2940 728474.0
423.8115 728076.0
424.3281 726716.0
425.8802 725356.0
426.9152 723576.0
427.4318 720972.0
427.9493 717902.0
428.4668 717022.0
428.9841 714840.0
429.5014 714024.0
430.0185 712600.0
430.5356 710948.0
431.0531 709646.0
431.5703 706392.0
432.0872 701788.0
432.6038 701458.0
433.1213 697190.0
433.6385 697124.0
434.1559 694944.0
434.6728 693306.0
436.2242 691620.0
436.7414 688668.0
437.2587 686126.0
437.7759 684366.0
438.8108 680556.0
439.3284 678322.0
439.8454 676164.0
440.3626 674802.0
440.8800 673080.0
441.3976 671492.0
441.9146 669254.0
442.4318 668972.0
442.9489 664956.0
443.4664 662662.0
443.9835 659780.0
444.5011 657368.0
445.0180 651404.0
445.5352 649878.0
446.0524 649014.0
447.0867 648318.0
447.6044 647446.0
448.1216 644060.0
448.6391 642308.0
449.1565 641966.0
449.6738 640244.0
450.1918 636912.0
450.7088 636778.0
451.2259 635340.0
452.2601 633508.0
452.7772 628160.0
453.2944 626228.0
453.8117 622772.0
454.3286 620418.0
455.3630 619940.0
455.8803 616994.0
456.3975 615352.0
456.9147 612534.0
457.4314 612324.0
457.9486 611436.0
458.4657 609320.0
458.9830 606646.0
459.5000 604666.0
460.0173 602522.0
460.5339 599738.0
461.0507 598488.0
461.5672 597556.0
462.0847 596866.0
462.6015 592724.0
463.1190 591478.0
464.1529 590930.0
464.6698 587866.0
465.7044 585236.0
466.2219 584300.0
466.7389 583354.0
467.2562 580000.0
467.7742 577452.0
468.2913 576870.0
468.8084 574118.0
469.3255 571588.0
469.8424 569214.0
470.3596 568312.0
470.8767 568228.0
471.3943 568188.0
471.9118 567440.0
472.4291 567086.0
472.9463 565972.0
473.4637 564662.0
473.9810 563446.0
474.4985 561410.0
475.5327 559292.0
476.0499 557624.0
476.5673 555828.0
477.0841 555448.0
477.6016 555306.0
479.6720 553392.0
480.1891 552522.0
480.7065 552098.0
481.2238 551620.0
481.7412 551126.0
482.2580 550304.0
482.7752 550078.0
483.2924 549228.0
483.8100 548978.0
484.3273 546750.0
485.3617 546610.0
485.8793 545980.0
486.3965 545522.0
487.4313 545034.0
488.4660 543818.0
488.9837 542546.0
489.5011 542408.0
490.0186 541744.0
490.5358 539756.0
491.0534 539716.0
491.5708 538516.0
492.0884 538486.0
492.6054 538380.0
493.1231 536846.0
494.1575 536670.0
494.6750 536126.0
495.1921 535554.0
495.7094 535082.0
496.2270 533882.0
496.7440 531376.0
499.3307 530888.0
499.8479 530834.0
500.3658 529702.0
500.8824 529642.0
502.4341 527928.0
502.9513 527374.0
503.4690 526984.0
504.5034 526724.0
505.0205 526462.0
505.5383 525558.0
506.0556 525476.0
506.5732 525388.0
507.0905 524778.0
508.1253 523806.0
508.6427 522870.0
509.1601 521026.0
509.6775 520248.0
510.7123 520220.0
511.2293 518832.0
512.2641 518652.0
512.7812 517898.0
513.2982 517490.0
514.3330 516884.0
517.4364 516462.0
520.5386 516000.0
521.0562 515526.0
521.5735 515516.0
522.0911 514476.0
522.6084 513830.0
524.1610 513322.0
524.6783 512718.0
525.1953 511740.0
529.3341 507994.0
530.8858 507974.0
531.9201 507914.0
532.4375 507522.0
532.9547 507448.0
533.9894 507408.0
534.5062 506936.0
536.5753 506882.0
537.0926 506300.0
537.6102 506206.0
538.6453 506190.0
539.6796 504278.0
540.1966 504250.0
541.2315 504236.0
543.3016 503152.0
553.1303 503028.0
553.6473 502768.0
554.6820 502674.0
555.1991 502616.0
555.7165 502448.0
556.2334 502296.0
557.2675 502274.0
558.3018 502194.0
559.8538 501986.0
560.3713 501220.0
560.8884 500854.0
561.4059 500804.0
562.4403 500748.0
563.9912 500672.0
564.5088 500480.0
565.0261 500234.0
565.5437 500068.0
566.0610 500038.0
569.1646 498676.0
569.6821 498672.0
589.8529 498554.0
590.3704 498488.0
591.4045 497522.0
592.4390 497506.0
592.9563 497150.0
593.9913 497086.0
594.5087 496920.0
599.1644 496860.0
599.6818 496824.0
600.1988 496782.0
605.3716 495528.0
605.8891 494532.0
607.9585 494470.0
608.9934 494446.0
609.5102 494420.0
624.5061 493676.0
625.0233 493662.0
626.5751 493650.0
628.6438 493542.0
631.2298 493158.0
631.7473 493142.0
638.9881 492698.0
639.5050 492664.0
640.5391 492550.0
642.0905 492170.0
644.1595 492078.0
645.7111 491970.0
