26.3784 82725424.0
27.9265 40997608.0
28.4428 1005826.0
31.5421 1005094.0
273.1334 1004786.0
274.1682 1004380.0
275.2028 1004170.0
275.7201 1003806.0
276.2374 1001242.0
276.7547 1000400.0
277.2720 999246.0
277.7898 998268.0
278.3068 995746.0
278.8245 994272.0
289.1724 992560.0
297.9684 991296.0
298.4856 986918.0
302.6253 985990.0
303.1425 985472.0
303.6603 984702.0
304.6953 980764.0
306.7650 979526.0
307.2824 977796.0
308.3174 977338.0
312.9752 974570.0
313.4925 974038.0
314.0103 971938.0
314.5275 968928.0
316.5971 967448.0
319.1843 966288.0
320.7366 964982.0
321.2542 963552.0
322.2891 963494.0
322.8061 959982.0
323.3237 955536.0
323.8409 950888.0
324.3586 949086.0
324.8760 946110.0
325.3937 944884.0
325.9111 941632.0
327.4638 941548.0
327.9811 941162.0
328.4988 939266.0
329.0163 938628.0
330.0516 938456.0
330.5694 936576.0
331.0866 933802.0
332.6392 933182.0
333.1565 932044.0
334.1916 927726.0
334.7094 924386.0
336.7796 924346.0
337.8145 923240.0
339.3668 919142.0
339.8843 913700.0
342.4710 910818.0
343.5051 908936.0
344.0231 904752.0
345.0585 903982.0
345.5754 899688.0
346.0925 899524.0
346.6099 897414.0
347.1277 892964.0
348.1629 891542.0
348.6802 891396.0
349.1979 891332.0
349.7155 889460.0
350.7504 885002.0
351.2680 883578.0
352.3026 883076.0
353.8538 878348.0
354.3714 872362.0
354.8885 869524.0
355.9245 867464.0
356.4424 866360.0
357.4787 865260.0
359.0321 864624.0
359.5493 860416.0
360.0673 857514.0
360.5854 857126.0
361.1028 855084.0
362.1372 855052.0
362.6548 851638.0
363.1725 851028.0
363.6904 848426.0
364.2077 846656.0
364.7257 845046.0
365.2432 843016.0
365.7609 842136.0
367.3133 841236.0
367.8310 840750.0
368.3483 837660.0
369.9007 836174.0
370.4182 833676.0
370.9359 831062.0
371.4531 830994.0
372.4874 827346.0
373.5223 823922.0
374.5571 823834.0
375.0748 823570.0
375.5924 821802.0
376.1102 821138.0
376.6266 820642.0
377.6613 819902.0
378.1790 816332.0
378.6965 812906.0
380.2490 808558.0
380.7663 808138.0
383.3536 807382.0
383.8709 804406.0
384.3888 802846.0
384.9060 802394.0
385.9409 802134.0
386.9763 801132.0
387.4939 796766.0
388.0111 792898.0
388.5287 792684.0
389.0460 789926.0
393.1845 788296.0
393.7022 786290.0
394.2194 784634.0
394.7370 783518.0
395.2542 781936.0
395.7719 778452.0
396.2891 778166.0
396.8069 774552.0
397.3244 773834.0
398.3590 773108.0
398.8766 770472.0
399.3940 765262.0
399.9115 764056.0
400.4288 763798.0
400.9463 762520.0
401.4636 760540.0
401.9815 757634.0
403.0167 755766.0
403.5340 755740.0
404.5690 750636.0
405.0860 749546.0
405.6033 746176.0
406.1210 741152.0
406.6386 739352.0
408.1915 738848.0
408.7090 738426.0
409.2269 736486.0
409.7444 735258.0
410.2621 735256.0
410.7794 732858.0
411.2971 730176.0
411.8145 729502.0
412.8499 727072.0
413.3671 725908.0
413.8841 723412.0
414.4018 719844.0
415.4366 718090.0
415.9540 713566.0
416.9885 711538.0
417.5062 710856.0
418.0237 710462.0
418.5412 707084.0
419.0585 706822.0
420.0934 705944.0
420.6110 702876.0
421.1283 701454.0
421.6461 699470.0
422.1638 696524.0
422.6815 693992.0
423.7167 691504.0
424.2340 688226.0
425.2690 688146.0
425.7866 685258.0
426.3040 682060.0
426.8217 679680.0
427.3390 678668.0
427.8566 675470.0
428.3742 673622.0
428.8918 669192.0
429.4092 669022.0
429.9268 668110.0
430.4445 666148.0
430.9619 665374.0
431.4793 665236.0
431.9966 664762.0
432.5138 664420.0
433.0315 664236.0
433.5484 663584.0
434.0662 662064.0
434.5839 659316.0
435.1017 657128.0
435.6188 653518.0
436.6534 651312.0
437.1710 650046.0
437.6887 649676.0
438.2063 648646.0
438.7238 647220.0
439.2413 645900.0
439.7585 644574.0
440.2761 644152.0
440.7937 641786.0
441.3110 638200.0
441.8276 636724.0
442.8627 636230.0
443.3805 634234.0
443.8980 633094.0
444.4158 631970.0
444.9330 630752.0
445.4504 628664.0
445.9679 628272.0
446.4855 625272.0
447.0029 624546.0
447.5203 621708.0
448.0378 621154.0
448.5555 619532.0
449.0727 618442.0
449.5899 618296.0
450.1072 617104.0
450.6251 614626.0
451.6601 613928.0
452.1777 610114.0
452.6954 609458.0
453.2127 609386.0
453.7305 606236.0
454.2475 605812.0
456.8346 604324.0
457.3519 603050.0
457.8697 601298.0
458.3869 600360.0
458.9048 599836.0
459.4221 597268.0
459.9395 594774.0
460.9742 592378.0
461.4916 591156.0
462.0093 590692.0
462.5268 590674.0
463.0445 589696.0
463.5619 588946.0
464.5972 587114.0
465.1147 584480.0
466.1495 583346.0
466.6669 579846.0
468.7370 579672.0
469.7719 578876.0
470.2891 578388.0
470.8064 574940.0
471.8413 571878.0
472.3591 570740.0
472.8764 568506.0
473.3944 568500.0
473.9119 568434.0
474.9470 567660.0
475.9819 567038.0
476.4997 565058.0
477.0171 564732.0
477.5355 563770.0
478.0529 563488.0
478.5707 562010.0
479.0880 561090.0
479.6057 559808.0
480.1231 558410.0
480.6410 557408.0
481.1581 555692.0
481.6758 554826.0
482.1932 554722.0
482.7106 552952.0
483.2280 552524.0
483.7449 550966.0
484.2625 550842.0
484.7804 550840.0
485.2975 550772.0
485.8149 549158.0
486.3324 548858.0
487.3676 548202.0
487.8855 547212.0
488.4030 546450.0
488.9209 545256.0
489.4381 543722.0
489.9557 543368.0
490.4730 542600.0
490.9907 540786.0
491.5086 540290.0
493.0618 540196.0
493.5793 538262.0
494.0970 537812.0
494.6145 536516.0
495.1322 535758.0
495.6495 535610.0
496.1671 533728.0
496.6846 533660.0
497.2021 533600.0
497.7193 531040.0
498.2370 530964.0
498.7542 530602.0
499.2718 528940.0
499.7891 528190.0
500.3067 527298.0
500.8237 527284.0
501.3414 526756.0
501.8587 525922.0
502.3764 525134.0
502.8940 524966.0
503.4116 524594.0
503.9290 523574.0
504.4467 522780.0
505.9992 522640.0
506.5168 522618.0
507.0338 520530.0
507.5515 518758.0
508.0690 518686.0
509.1036 518232.0
509.6214 518118.0
510.6561 518074.0
511.1734 517920.0
512.2083 517886.0
512.7258 517332.0
513.7608 517202.0
514.2776 516880.0
514.7953 516464.0
515.8303 516352.0
517.8998 516298.0
518.4173 516064.0
519.4521 515822.0
519.9691 515122.0
521.5208 514586.0
522.5553 514350.0
523.0726 514282.0
524.1073 514140.0
524.6243 513188.0
525.6586 511804.0
527.2109 511668.0
527.7283 511538.0
528.7631 510546.0
532.3859 510240.0
532.9025 510062.0
533.4201 509446.0
534.4547 508192.0
534.9722 508168.0
535.4895 508128.0
537.0409 507916.0
537.5588 507884.0
538.5934 507722.0
540.6632 507258.0
541.1805 506752.0
543.2503 506176.0
543.7681 506134.0
544.8034 506122.0
547.3905 506116.0
547.9078 505990.0
549.9773 505900.0
551.5293 505464.0
558.7732 505346.0
559.2911 505284.0
559.8082 505280.0
561.3606 505172.0
566.5360 505136.0
567.0533 505066.0
567.5711 505038.0
568.0886 504362.0
568.6060 504338.0
570.1584 504290.0
571.1938 504232.0
571.7116 503326.0
572.2287 503202.0
573.2637 503138.0
573.7819 502534.0
574.8170 501786.0
575.3344 501774.0
576.3695 501682.0
576.8869 501638.0
578.9564 501596.0
583.6121 501514.0
584.1298 501484.0
585.6818 501306.0
586.7171 501274.0
587.7522 501258.0
588.2701 500994.0
588.7876 500988.0
589.8229 500694.0
592.4103 500606.0
605.8639 500384.0
610.5214 499904.0
613.1084 499118.0
613.6256 499000.0
614.1433 498900.0
615.6955 498872.0
616.2128 498824.0
