26.1277 81578472.0
27.6762 12371530.0
28.1924 1011178.0
28.7085 1010410.0
29.7410 1009700.0
30.2570 1005080.0
31.8070 1004162.0
35.9406 1004074.0
36.4580 1003648.0
40.5918 1003476.0
41.6243 1000116.0
44.7238 1000112.0
53.5051 1000082.0
54.0222 1000024.0
60.2270 999552.0
62.8124 998166.0
91.2522 998028.0
91.7693 997998.0
120.7307 997656.0
121.7652 996862.0
122.8001 995792.0
133.6653 994604.0
134.1829 994150.0
135.7347 993622.0
136.2519 993462.0
139.3562 993294.0
164.6992 992628.0
169.8730 992624.0
170.3906 992594.0
183.8421 991210.0
185.3947 990232.0
190.5669 989616.0
196.2559 989094.0
196.7734 988952.0
197.8086 988834.0
271.2594 988676.0
275.3963 987946.0
275.9138 987582.0
277.9830 986558.0
278.5005 985782.0
282.1217 985258.0
283.1563 985182.0
286.7768 983822.0
287.2941 983364.0
287.8115 980068.0
288.3290 979124.0
289.3630 978270.0
289.8803 976150.0
290.3973 975956.0
290.9147 975288.0
295.5698 975216.0
296.0871 974770.0
300.2253 974004.0
300.7425 972940.0
301.2594 971824.0
303.3279 970038.0
303.8447 968238.0
304.3623 965538.0
304.8794 965504.0
305.3968 964444.0
306.9484 962936.0
307.9832 962776.0
308.5007 962224.0
309.0177 960540.0
309.5351 960172.0
310.0525 959464.0
310.5702 957308.0
311.0875 956618.0
311.6050 953162.0
312.1221 951974.0
312.6391 951142.0
314.1914 950796.0
314.7088 950736.0
315.2260 949908.0
315.7433 948560.0
316.7783 946126.0
317.2955 944386.0
317.8131 941042.0
318.3301 940914.0
319.3644 940434.0
319.8820 939700.0
320.3992 939692.0
320.9175 937336.0
321.4346 936898.0
321.9521 935750.0
322.9870 933574.0
324.0217 932014.0
325.5737 929972.0
326.0912 928436.0
326.6082 926070.0
327.6423 924544.0
328.1600 923868.0
329.1945 922950.0
330.2287 920212.0
331.2633 920138.0
331.7805 918178.0
332.2979 917376.0
332.8148 915938.0
333.3321 912380.0
335.9181 911416.0
336.9527 906732.0
337.4696 906676.0
337.9863 904058.0
338.5038 903516.0
339.0210 900122.0
340.0549 899032.0
340.5722 897738.0
341.0896 897678.0
341.6070 897080.0
342.6413 894848.0
343.6757 893584.0
344.1930 890768.0
346.2616 889824.0
346.7789 889264.0
347.8134 887788.0
348.3306 886406.0
348.8478 885206.0
349.8821 884324.0
350.3993 883572.0
350.9165 880854.0
351.4329 879428.0
351.9503 875748.0
352.4676 875272.0
352.9846 874188.0
353.5022 871662.0
354.0195 871494.0
354.5366 867254.0
355.0539 865476.0
355.5708 865308.0
356.6055 864228.0
357.1230 861578.0
357.6402 860278.0
358.6740 858122.0
359.1913 856066.0
359.7087 854876.0
360.7434 851812.0
361.2608 851050.0
362.2946 850142.0
362.8118 846666.0
363.3293 845442.0
363.8461 844780.0
364.3636 841446.0
364.8804 839454.0
365.3978 836740.0
365.9151 835694.0
366.4324 835512.0
366.9495 835392.0
367.9839 833426.0
368.5014 831688.0
369.0187 828650.0
369.5361 825874.0
370.0533 824822.0
371.0881 822998.0
371.6058 821336.0
372.1229 819436.0
372.6404 818946.0
373.1575 816038.0
373.6750 810608.0
374.7096 807664.0
375.2268 805190.0
375.7443 804956.0
376.2612 802588.0
376.7787 801414.0
377.8134 800548.0
378.3298 798948.0
378.8472 792492.0
379.3642 789146.0
379.8816 787244.0
380.9161 785626.0
381.4329 785558.0
381.9499 784538.0
382.4665 783240.0
382.9838 780934.0
383.5009 779012.0
384.0183 778220.0
385.0531 777042.0
385.5703 773284.0
386.0878 771734.0
386.6043 770498.0
387.1217 768912.0
387.6384 766850.0
388.1552 764458.0
388.6719 762814.0
389.7059 761960.0
390.2235 758340.0
390.7409 757590.0
391.2585 756476.0
391.7757 755948.0
392.8095 753698.0
393.3268 751786.0
394.3615 748286.0
394.8787 746528.0
396.9475 742326.0
397.4650 739366.0
397.9821 737966.0
399.0169 736836.0
400.0517 731914.0
400.5688 730482.0
401.0861 729428.0
403.1560 728774.0
403.6754 727618.0
404.1925 722304.0
404.7092 721130.0
405.2264 720310.0
405.7440 720118.0
406.2616 719974.0
406.7791 717542.0
407.2963 717156.0
407.8139 714500.0
408.3309 713992.0
408.8486 712368.0
409.3661 711726.0
409.8838 708988.0
410.4010 707658.0
411.4352 707066.0
411.9528 704508.0
412.4702 701198.0
412.9880 700264.0
413.5053 699994.0
414.0228 698312.0
415.0572 695838.0
415.5744 694304.0
416.0921 691016.0
416.6093 687124.0
418.6793 684976.0
419.1961 682948.0
420.2309 678690.0
420.7481 678264.0
421.2657 675712.0
421.7832 674662.0
422.3010 673092.0
422.8180 670706.0
423.3357 669212.0
423.8529 663720.0
424.3705 662262.0
424.8880 660086.0
426.4404 656104.0
426.9577 654048.0
427.4745 653320.0
427.9920 651744.0
428.5094 650080.0
429.0266 648582.0
429.5440 646276.0
430.0611 643764.0
430.5784 641464.0
431.0957 638316.0
431.6133 637578.0
432.1308 636738.0
432.6483 634036.0
433.1658 632110.0
433.6834 629508.0
434.2010 628220.0
434.7187 626192.0
435.2369 624630.0
435.7551 623864.0
436.2724 622336.0
436.7903 620512.0
437.3079 618578.0
437.8257 617830.0
438.8611 615592.0
439.8962 613372.0
440.4136 611544.0
440.9313 607982.0
441.4488 605944.0
441.9667 605088.0
442.4842 602938.0
443.0022 600588.0
443.5198 599930.0
444.0376 598604.0
444.5552 594624.0
445.0731 593608.0
446.1081 589742.0
446.6257 589628.0
447.1437 585360.0
447.6613 581962.0
448.6963 580852.0
449.2143 579506.0
449.7320 575480.0
450.2498 574214.0
450.7673 572878.0
451.2852 572800.0
452.3205 572344.0
452.8381 570210.0
453.3551 568262.0
453.8726 566444.0
454.3900 563588.0
454.9074 562812.0
455.4254 560364.0
455.9429 558818.0
456.9775 557706.0
457.4949 557186.0
458.0123 556586.0
458.5297 554238.0
459.0465 553044.0
460.0812 552882.0
460.5983 550488.0
461.1154 548740.0
461.6327 545860.0
462.1502 545390.0
462.6677 542476.0
463.1850 540504.0
465.2547 537160.0
465.7720 536142.0
466.2892 535554.0
466.8063 533504.0
467.3235 532938.0
467.8405 531002.0
468.8752 529328.0
469.3926 527516.0
469.9094 526064.0
470.4266 525452.0
470.9442 525358.0
471.9788 522940.0
472.4958 522880.0
473.0133 522792.0
473.5304 521046.0
474.5649 520978.0
477.1515 520372.0
477.6689 520080.0
478.1865 518352.0
478.7038 518072.0
479.2213 517656.0
479.7385 517556.0
480.2561 517332.0
480.7736 516498.0
481.2912 516326.0
482.3253 515728.0
482.8425 515182.0
483.3601 513890.0
483.8774 513882.0
484.3948 513432.0
485.4295 513120.0
485.9468 511928.0
486.4642 510708.0
486.9817 509804.0
487.4992 508284.0
488.0164 507176.0
488.5339 505138.0
489.0511 502954.0
489.5684 501002.0
490.0856 500104.0
490.6032 499906.0
492.6724 498704.0
493.7071 497724.0
494.2244 497606.0
495.2590 497568.0
496.2939 496142.0
496.8115 495942.0
497.3289 494024.0
497.8474 493712.0
498.3645 492674.0
498.8820 491468.0
499.3996 491146.0
499.9168 490404.0
500.4341 490080.0
502.5030 488874.0
503.0205 488730.0
503.5377 488306.0
504.0551 487524.0
504.5725 487388.0
507.6773 486142.0
508.1952 486026.0
509.2302 485812.0
510.2648 485796.0
511.2992 485536.0
511.8163 485122.0
513.3688 483610.0
513.8854 483392.0
515.9548 482958.0
516.4723 482434.0
517.5068 480496.0
518.0242 480476.0
519.0578 479448.0
520.0923 478866.0
520.6095 478578.0
521.1269 477748.0
527.8544 477400.0
528.3721 477292.0
529.4074 476640.0
531.9946 475974.0
532.5120 475452.0
533.0298 475402.0
533.5468 475374.0
534.0644 475066.0
534.5819 474952.0
536.6521 474910.0
538.2043 474712.0
538.7215 474630.0
539.2391 473118.0
540.2742 472154.0
540.7909 472122.0
541.3089 472024.0
542.8615 471600.0
543.8967 471568.0
544.4142 471548.0
544.9315 471540.0
545.4489 471410.0
549.0693 470972.0
549.5868 470954.0
550.1040 470946.0
552.1733 470800.0
552.6908 470154.0
554.2421 470094.0
554.7596 469504.0
555.7946 469292.0
557.3464 468968.0
557.8644 468634.0
558.3818 468618.0
558.8992 468570.0
560.9686 468274.0
562.0033 468108.0
562.5206 467584.0
563.0377 467578.0
574.4166 466576.0
584.7629 466190.0
585.2801 466172.0
585.7974 466062.0
589.9361 466012.0
593.0407 465396.0
593.5581 465380.0
596.1453 464728.0
597.1800 464636.0
597.6974 464622.0
598.2150 464546.0
614.2512 464150.0
615.2861 464130.0
622.5288 463922.0
623.0464 463834.0
625.1157 463790.0
626.6678 463750.0
628.7366 462934.0
629.2541 462196.0
630.8055 462112.0
633.3922 462038.0
643.7393 462022.0
