26.0532 82076400.0
27.6012 44004600.0
28.1174 990820.0
29.1497 989202.0
30.1826 986720.0
31.2162 983620.0
38.9682 983606.0
93.7584 983236.0
97.3781 983188.0
97.8953 982946.0
98.4128 982552.0
114.4436 982256.0
114.9609 982036.0
141.8488 981976.0
142.3653 981756.0
145.9855 980948.0
148.5724 980712.0
155.8131 980690.0
156.3303 979728.0
162.5371 979596.0
299.5866 979366.0
300.1040 978950.0
302.1731 978910.0
302.6905 978214.0
303.7252 976086.0
304.2419 976070.0
305.2764 975756.0
305.7927 975204.0
321.3066 975034.0
322.3415 974768.0
322.8589 973756.0
325.4450 973646.0
325.9623 973558.0
326.4793 973024.0
327.5139 972322.0
329.0658 971600.0
329.5831 970312.0
330.1007 970192.0
331.6519 970044.0
337.3414 969444.0
338.8930 967400.0
339.4104 964062.0
340.4452 962818.0
341.4788 962392.0
341.9958 960296.0
342.5133 959288.0
343.0302 956638.0
346.6523 954230.0
347.6872 952608.0
348.2045 950438.0
348.7213 947062.0
349.2384 946306.0
349.7559 945558.0
350.2731 944278.0
350.7905 942226.0
351.3078 941074.0
352.8590 936724.0
353.8934 934646.0
355.9626 933832.0
356.4798 932880.0
356.9972 929732.0
358.5490 927932.0
359.0663 925632.0
360.1009 925562.0
360.6179 919968.0
361.6523 918896.0
362.1700 916400.0
362.6874 916356.0
363.7218 915662.0
364.7562 914930.0
365.2737 913952.0
366.3087 912268.0
367.3430 911360.0
367.8601 910532.0
369.4117 908106.0
370.4458 905112.0
371.4804 903748.0
372.5141 903030.0
373.0314 902496.0
373.5487 901130.0
374.0656 900754.0
374.5830 898196.0
375.1002 896448.0
376.6513 895924.0
377.1685 894346.0
377.6859 889430.0
378.7204 886872.0
379.2375 886140.0
380.2722 883344.0
381.3068 881020.0
384.9269 879614.0
385.4438 875572.0
385.9613 873818.0
388.0297 873250.0
388.5468 869410.0
390.6162 868090.0
391.6498 866158.0
392.1672 865840.0
392.6839 862324.0
394.2353 861208.0
394.7523 859736.0
395.7863 855534.0
396.8203 853612.0
397.3377 852602.0
397.8548 851950.0
398.3720 850442.0
398.8891 849050.0
399.4065 847658.0
400.4407 845632.0
400.9577 840138.0
401.4752 839022.0
401.9923 838710.0
402.5097 838278.0
403.0268 835850.0
404.5789 832128.0
405.0961 830630.0
405.6134 828764.0
406.1306 824288.0
407.1650 821590.0
407.6825 816426.0
408.1996 816354.0
408.7174 814620.0
409.2346 812600.0
411.3029 812206.0
411.8204 807500.0
412.3378 803856.0
413.3724 801872.0
413.8896 799906.0
414.4068 797716.0
414.9237 797202.0
415.4408 794068.0
415.9583 793734.0
416.4752 792808.0
416.9926 788654.0
417.5096 782456.0
418.0268 781050.0
418.5440 778066.0
419.5779 777888.0
420.0951 776098.0
420.6120 774898.0
421.1293 771066.0
421.6466 769250.0
422.1637 768804.0
422.6812 766706.0
423.1982 763876.0
424.2322 760642.0
424.7490 759970.0
425.2664 757442.0
425.7834 756580.0
426.3007 755164.0
426.8178 752628.0
427.3352 752594.0
427.8524 747668.0
428.3695 746968.0
428.8868 741494.0
430.4379 739526.0
430.9547 736818.0
431.4719 734556.0
431.9888 732096.0
432.5061 728312.0
433.0232 726030.0
433.5405 724686.0
434.0571 722090.0
434.5743 717852.0
435.6089 716470.0
436.1253 713938.0
436.6425 709042.0
437.1594 704874.0
437.6768 702702.0
438.1938 699250.0
438.7112 697904.0
439.2283 695824.0
439.7455 693734.0
440.2626 690776.0
440.7800 689926.0
441.2969 688058.0
441.8144 687124.0
442.3314 681574.0
442.8488 679496.0
443.3659 679420.0
443.8835 678216.0
444.4009 675806.0
444.9182 674842.0
445.4354 674134.0
445.9529 670418.0
446.4701 668332.0
446.9876 666526.0
447.5049 664438.0
448.5391 659902.0
449.0567 655782.0
449.5738 652910.0
450.0904 650750.0
450.6073 650288.0
451.6413 650056.0
452.1582 644534.0
452.6754 642226.0
453.1928 640362.0
453.7101 637600.0
454.2271 634306.0
454.7442 631726.0
455.2616 631106.0
455.7786 627786.0
456.2955 624862.0
456.8125 623592.0
457.3300 623406.0
457.8473 619282.0
458.3648 616592.0
458.8825 615346.0
459.3995 613058.0
459.9165 609104.0
460.4340 606846.0
460.9513 605680.0
461.4687 602638.0
461.9859 601342.0
462.5032 598808.0
463.0197 598408.0
464.0542 593626.0
464.5717 592740.0
465.0887 591718.0
465.6062 591264.0
466.1235 588250.0
466.6408 586264.0
467.6753 585556.0
468.1922 584602.0
468.7096 584166.0
469.2269 582558.0
469.7443 581010.0
470.7789 579572.0
471.2960 578888.0
471.8131 577510.0
472.3301 576808.0
472.8478 574514.0
473.8823 572154.0
474.3997 571398.0
474.9169 569432.0
475.4341 569054.0
475.9515 567604.0
476.4689 565500.0
476.9863 564958.0
477.5036 561150.0
478.0211 559154.0
478.5383 557220.0
479.0559 555572.0
479.5727 553382.0
480.0903 552014.0
480.6076 551276.0
481.1251 550264.0
481.6423 549268.0
482.1592 549250.0
482.6765 548330.0
483.1935 547272.0
483.7107 545624.0
484.2281 544340.0
484.7450 541248.0
485.7797 540998.0
486.8140 539912.0
487.3310 539328.0
487.8482 537872.0
488.3657 535850.0
488.8830 533750.0
489.9170 533144.0
490.4344 532910.0
490.9516 532708.0
491.4692 532618.0
491.9862 531836.0
492.5037 530872.0
493.0210 529360.0
493.5383 529322.0
494.0556 526284.0
494.5729 525246.0
495.0900 523168.0
495.6067 523158.0
496.1240 520242.0
496.6415 519922.0
497.6760 518380.0
499.2275 517472.0
499.7449 516496.0
500.2622 516032.0
500.7793 514102.0
501.2964 512252.0
501.8137 511184.0
502.3311 511122.0
502.8484 509422.0
503.3655 509392.0
504.3996 509256.0
504.9170 508386.0
505.4343 508372.0
505.9518 508098.0
506.4689 507502.0
506.9862 507268.0
507.5041 506782.0
508.0215 506350.0
509.0562 505718.0
509.5730 504738.0
510.6071 504676.0
511.1242 504594.0
511.6414 503294.0
512.6757 503260.0
514.7446 503036.0
515.2621 501244.0
515.7785 501230.0
516.2961 500962.0
517.3308 500472.0
517.8482 500370.0
519.9164 499462.0
520.4336 498456.0
520.9503 498002.0
521.9842 497666.0
522.5014 497404.0
523.0184 497330.0
523.5354 497270.0
524.5701 496782.0
525.0873 496616.0
527.1559 496456.0
527.6733 496030.0
529.7416 495450.0
530.7760 495002.0
531.8094 494186.0
532.8438 493824.0
533.3611 491900.0
533.8790 491796.0
534.3961 491504.0
534.9136 490820.0
535.9473 490710.0
536.4646 490644.0
536.9820 490180.0
537.4992 489966.0
538.0166 489748.0
538.5336 489422.0
543.7049 488892.0
544.2220 488862.0
544.7392 488308.0
545.2564 488250.0
545.7735 488142.0
546.8079 488076.0
548.8764 487956.0
549.9104 487950.0
550.4279 487946.0
550.9452 487880.0
551.9800 486814.0
552.4978 486810.0
553.5324 486798.0
555.6014 486582.0
556.1185 486048.0
556.6360 486018.0
557.1532 485962.0
558.7052 485014.0
561.8078 484926.0
562.3247 484796.0
562.8423 484760.0
563.3595 484712.0
564.3937 484540.0
564.9111 484530.0
565.9453 484456.0
566.4627 484396.0
568.0151 483672.0
570.0842 483284.0
577.3240 482320.0
584.0487 481932.0
585.5995 481782.0
586.1166 481756.0
591.8067 481662.0
592.3240 481352.0
592.8412 481228.0
594.3926 480466.0
595.4271 480408.0
599.5645 480402.0
604.2194 480086.0
605.7708 479778.0
607.3223 479750.0
607.8392 478568.0
608.8739 478452.0
609.9087 478424.0
613.0118 478312.0
613.5292 478274.0
614.5637 477726.0
615.0809 477712.0
618.7019 477360.0
619.7361 476744.0
622.3205 475694.0
624.9068 475572.0
626.4586 475388.0
626.9761 475348.0
628.5280 474686.0
630.0797 474174.0
630.5969 474154.0
632.1484 474150.0
633.1830 472626.0
633.6998 472552.0
634.2171 472468.0
634.7343 472426.0
635.7684 471944.0
636.2852 471924.0
638.3544 471902.0
640.4229 471700.0
641.4565 471670.0
643.5253 471656.0
644.5600 471646.0
645.0770 471622.0
646.1115 471304.0
