==========Running script at 2026-01-13 22:29:35, seed 47, iters , batch_size , optimizer ==========
bur26a 3.25 1.65 5426946.0 5426670 0.0001
bur26a 3.25 1.65 5426946.0 5426670 0.0001
bur26b 3.27 1.67 3818717.0 3817852 0.0002
bur26c 3.24 1.63 5427121.0 5426795 0.0001
bur26d 3.25 1.65 3821352.0 3821225 0.0000
bur26e 3.23 1.64 5387320.0 5386879 0.0001
bur26f 3.25 1.65 3782656.0 3782044 0.0002
bur26g 3.24 1.65 10119645.0 10117172 0.0002
bur26h 3.37 1.77 7099966.0 7098658 0.0002
chr12a 2.72 1.15 9552.0 9552 0.0000
chr12b 2.72 1.15 9742.0 9742 0.0000
chr12c 2.69 1.13 11156.0 11156 0.0000
chr15a 2.75 1.15 9896.0 9896 0.0000
chr15b 2.77 1.18 7990.0 7990 0.0000
chr15c 2.74 1.15 9504.0 9504 0.0000
chr18a 2.90 1.30 11098.0 11098 0.0000
chr18b 2.88 1.28 1534.0 1534 0.0000
chr20a 2.95 1.37 2376.0 2192 0.0839
chr20b 2.93 1.36 2422.0 2298 0.0540
chr20c 2.95 1.39 14146.0 14142 0.0003
chr22a 2.98 1.39 6542.0 6156 0.0627
chr22b 3.01 1.40 6480.0 6194 0.0462
chr25a 3.27 1.67 3990.0 3796 0.0511
els19 2.92 1.31 17251728.0 17212548 0.0023
esc128 76.61 75.05 64.0 64 0.0000
esc16a 2.75 1.18 68.0 68 0.0000
esc16b 2.78 1.21 292.0 292 0.0000
esc16c 2.73 1.16 160.0 160 0.0000
esc16d 2.77 1.20 16.0 16 0.0000
esc16e 2.80 1.22 28.0 28 0.0000
esc16f 2.76 1.19 0.0 0 nan
esc16g 2.74 1.16 26.0 26 0.0000
esc16h 2.72 1.16 996.0 996 0.0000
esc16i 2.75 1.18 14.0 14 0.0000
esc16j 2.78 1.21 8.0 8 0.0000
esc32a 3.75 2.17 130.0 1.0 129.0000
esc32b 3.73 2.16 168.0 1.0 167.0000
esc32c 3.74 2.18 642.0 1.0 641.0000
esc32d 3.73 2.17 200.0 1.0 199.0000
esc32e 3.74 2.17 2.0 2 0.0000
esc32g 3.75 2.17 6.0 6 0.0000
esc32h 3.76 2.20 438.0 1.0 437.0000
esc64a 13.36 11.79 116.0 1.0 115.0000
had12 2.66 1.10 1652.0 1652 0.0000
had14 2.81 1.21 2724.0 2724 0.0000
had16 2.73 1.16 3720.0 3720 0.0000
had18 2.88 1.27 5358.0 5358 0.0000
had20 2.93 1.36 6922.0 6922 0.0000
kra30a 3.51 1.91 88900.0 88900 0.0000
kra30b 3.49 1.90 91420.0 91420 0.0000
kra32 3.74 2.17 88700.0 88900 -0.0022
lipa20a 2.96 1.39 3683.0 3683 0.0000
lipa20b 2.92 1.36 27076.0 27076 0.0000
lipa30a 3.48 1.89 13178.0 13178 0.0000
lipa30b 3.51 1.91 151426.0 151426 0.0000
lipa40a 4.96 3.40 31847.0 31538 0.0098
lipa40b 4.95 3.39 476581.0 476581 0.0000
lipa50a 7.84 6.25 62639.0 62093 0.0088
lipa50b 7.83 6.23 1210244.0 1210244 0.0000
lipa60a 11.95 10.38 108141.0 107218 0.0086
lipa60b 11.97 10.39 2520135.0 2520135 0.0000
lipa70a 21.85 20.24 171212.0 169755 0.0086
lipa70b 21.81 20.21 4603200.0 4603200 0.0000
lipa80a 28.11 26.53 255184.0 253195 0.0079
lipa80b 28.13 26.56 7763962.0 7763962 0.0000
lipa90a 37.12 35.50 363279.0 360630 0.0073
lipa90b 37.07 35.46 12490441.0 12490441 0.0000
nug12 2.73 1.16 578.0 578 0.0000
nug14 2.79 1.18 1014.0 1014 0.0000
nug15 2.73 1.14 1150.0 1150 0.0000
nug16a 2.74 1.17 1610.0 1610 0.0000
nug16b 2.76 1.21 1240.0 1240 0.0000
nug17 2.92 1.30 1732.0 1732 0.0000
nug18 2.89 1.30 1930.0 1930 0.0000
nug20 2.92 1.36 2570.0 2570 0.0000
nug21 3.05 1.44 2438.0 2438 0.0000
nug22 2.99 1.39 3596.0 3596 0.0000
nug24 3.15 1.57 3488.0 3488 0.0000
nug25 3.27 1.67 3746.0 3744 0.0005
nug27 3.42 1.82 5234.0 5234 0.0000
nug28 3.46 1.91 5166.0 5166 0.0000
nug30 3.52 1.93 6124.0 6124 0.0000
nug30 3.48 1.89 6124.0 6124 0.0000
rou12 2.68 1.12 235528.0 235528 0.0000
rou15 2.73 1.14 354210.0 354210 0.0000
rou20 3.05 1.48 726812.0 725522 0.0018
scr12 2.79 1.23 31410.0 31410 0.0000
scr15 2.75 1.15 51140.0 51140 0.0000
scr20 2.95 1.39 110030.0 110030 0.0000
sko100a 46.28 44.70 152820.0 152002 0.0054
sko100b 46.29 44.71 154570.0 153890 0.0044
sko100c 46.25 44.67 148472.0 147862 0.0041
sko100d 46.28 44.70 150408.0 149576 0.0056
sko100e 46.26 44.69 150118.0 149150 0.0065
sko100f 46.27 44.70 149728.0 149036 0.0046
sko42 5.60 4.00 15816.0 15812 0.0003
sko49 8.32 6.72 23428.0 23386 0.0018
sko56 9.62 8.06 34514.0 34458 0.0016
sko64 13.37 11.80 48620.0 48498 0.0025
sko72 22.67 21.11 66544.0 66256 0.0043
sko81 31.87 30.26 91336.0 90998 0.0037
sko90 37.08 35.48 116202.0 115534 0.0058
ste36b 4.46 2.88 15852.0 15852 0.0000
ste36c 4.43 2.87 8254628.0 8239110 0.0019
tai100a 46.28 44.71 21513664.0 21052466 0.0219
tai100b 46.30 44.72 1203547161.0 1185996137 0.0148
tai10a 2.76 1.15 135028.0 1.0 135027.0000
tai10b 2.75 1.14 1183760.0 1.0 1183759.0000
tai12a 2.65 1.10 224416.0 224416 0.0000
tai12b 2.67 1.11 39464925.0 39464925 0.0000
tai150b 115.06 113.47 506498745.0 498896643 0.0152
tai15a 2.75 1.15 388250.0 388214 0.0001
tai15b 2.80 1.20 51811290.0 51765268 0.0009
tai17a 3.00 1.39 491812.0 491812 0.0000
tai20a 2.94 1.38 703482.0 703482 0.0000
tai20b 2.95 1.39 122455319.0 122455319 0.0000
tai25a 3.26 1.67 1176312.0 1167256 0.0078
tai25b 3.28 1.68 344355646.0 344355646 0.0000
tai30a 3.50 1.91 1836480.0 1818146 0.0101
tai30b 3.50 1.90 637169403.0 637117113 0.0001
tai35a 4.89 3.30 2445014.0 2422002 0.0095
tai35b 4.91 3.31 284384580.0 283315445 0.0038
tai40a 4.98 3.41 3199044.0 3139370 0.0190
tai40b 4.94 3.39 640363379.0 637250948 0.0049
tai50a 7.81 6.22 5043938.0 4938796 0.0213
tai50b 7.84 6.24 461678576.0 458821517 0.0062
tai60a 11.96 10.39 7373208.0 7205962 0.0232
tai60b 11.96 10.39 615632196.0 608215054 0.0122
tai64c 13.37 11.81 1857646.0 1855928 0.0009
tai80a 28.12 26.55 13809262.0 13499184 0.0230
tai80b 28.11 26.55 829966236.0 818415043 0.0141
tho150 115.03 113.42 8201764.0 8133398 0.0084
tho30 3.48 1.90 149994.0 149936 0.0004
tho40 4.96 3.40 241010.0 240516 0.0021
wil100 46.25 44.67 273928.0 273038 0.0033
wil50 7.83 6.24 48878.0 48816 0.0013
