==========Running script at 2026-01-13 21:43:16, seed 1111, iters , batch_size , optimizer ==========
bur26a 3.25 1.65 5429833.0 5426670 0.0006
bur26a 3.24 1.65 5429833.0 5426670 0.0006
bur26b 3.24 1.64 3818063.0 3817852 0.0001
bur26c 3.25 1.65 5427205.0 5426795 0.0001
bur26d 3.25 1.65 3821313.0 3821225 0.0000
bur26e 3.22 1.63 5387562.0 5386879 0.0001
bur26f 3.38 1.77 3782423.0 3782044 0.0001
bur26g 3.23 1.64 10119601.0 10117172 0.0002
bur26h 3.24 1.65 7100014.0 7098658 0.0002
chr12a 2.70 1.13 9552.0 9552 0.0000
chr12b 2.73 1.16 9742.0 9742 0.0000
chr12c 2.71 1.14 11156.0 11156 0.0000
chr15a 2.82 1.22 9936.0 9896 0.0040
chr15b 2.74 1.15 7990.0 7990 0.0000
chr15c 2.79 1.20 9504.0 9504 0.0000
chr18a 2.87 1.29 11098.0 11098 0.0000
chr18b 2.89 1.28 1534.0 1534 0.0000
chr20a 3.05 1.50 2346.0 2192 0.0703
chr20b 3.00 1.43 2484.0 2298 0.0809
chr20c 2.93 1.37 14154.0 14142 0.0008
chr22a 3.00 1.39 6430.0 6156 0.0445
chr22b 3.03 1.43 6558.0 6194 0.0588
chr25a 3.26 1.67 4052.0 3796 0.0674
els19 2.91 1.32 17369494.0 17212548 0.0091
esc128 76.63 75.07 64.0 64 0.0000
esc16a 2.74 1.17 68.0 68 0.0000
esc16b 2.72 1.16 292.0 292 0.0000
esc16c 2.73 1.15 160.0 160 0.0000
esc16d 2.82 1.24 16.0 16 0.0000
esc16e 2.72 1.15 28.0 28 0.0000
esc16f 2.73 1.16 0.0 0 nan
esc16g 2.78 1.21 26.0 26 0.0000
esc16h 2.71 1.14 996.0 996 0.0000
esc16i 2.73 1.16 14.0 14 0.0000
esc16j 2.77 1.21 8.0 8 0.0000
esc32a 3.75 2.18 130.0 1.0 129.0000
esc32b 3.74 2.17 168.0 1.0 167.0000
esc32c 3.73 2.16 642.0 1.0 641.0000
esc32d 3.76 2.20 200.0 1.0 199.0000
esc32e 3.75 2.17 2.0 2 0.0000
esc32g 3.74 2.17 6.0 6 0.0000
esc32h 3.73 2.16 438.0 1.0 437.0000
esc64a 13.37 11.81 116.0 1.0 115.0000
had12 2.69 1.12 1652.0 1652 0.0000
had14 2.75 1.16 2724.0 2724 0.0000
had16 2.73 1.16 3720.0 3720 0.0000
had18 2.88 1.29 5358.0 5358 0.0000
had20 2.94 1.37 6922.0 6922 0.0000
kra30a 3.48 1.90 88900.0 88900 0.0000
kra30b 3.49 1.90 91420.0 91420 0.0000
kra32 3.74 2.17 88700.0 88900 -0.0022
lipa20a 2.95 1.40 3683.0 3683 0.0000
lipa20b 2.97 1.41 27076.0 27076 0.0000
lipa30a 3.51 1.91 13178.0 13178 0.0000
lipa30b 3.49 1.90 151426.0 151426 0.0000
lipa40a 4.96 3.39 31695.0 31538 0.0050
lipa40b 4.97 3.40 476581.0 476581 0.0000
lipa50a 7.82 6.23 62682.0 62093 0.0095
lipa50b 7.84 6.24 1210244.0 1210244 0.0000
lipa60a 11.96 10.39 108221.0 107218 0.0094
lipa60b 11.96 10.39 2520135.0 2520135 0.0000
lipa70a 21.85 20.24 171222.0 169755 0.0086
lipa70b 21.83 20.23 4603200.0 4603200 0.0000
lipa80a 28.11 26.54 255139.0 253195 0.0077
lipa80b 28.11 26.54 7763962.0 7763962 0.0000
lipa90a 37.06 35.45 363343.0 360630 0.0075
lipa90b 37.14 35.53 12490441.0 12490441 0.0000
nug12 2.69 1.12 578.0 578 0.0000
nug14 2.77 1.18 1014.0 1014 0.0000
nug15 2.77 1.17 1150.0 1150 0.0000
nug16a 2.73 1.17 1610.0 1610 0.0000
nug16b 2.77 1.19 1240.0 1240 0.0000
nug17 2.89 1.28 1732.0 1732 0.0000
nug18 2.88 1.29 1930.0 1930 0.0000
nug20 2.95 1.38 2570.0 2570 0.0000
nug21 3.03 1.42 2438.0 2438 0.0000
nug22 3.09 1.50 3596.0 3596 0.0000
nug24 3.15 1.58 3488.0 3488 0.0000
nug25 3.26 1.67 3744.0 3744 0.0000
nug27 3.41 1.82 5238.0 5234 0.0008
nug28 3.44 1.87 5166.0 5166 0.0000
nug30 3.50 1.90 6124.0 6124 0.0000
nug30 3.50 1.90 6124.0 6124 0.0000
rou12 2.70 1.13 235528.0 235528 0.0000
rou15 2.79 1.20 354210.0 354210 0.0000
rou20 2.93 1.36 725662.0 725522 0.0002
scr12 2.67 1.10 31410.0 31410 0.0000
scr15 2.80 1.21 51140.0 51140 0.0000
scr20 2.91 1.36 110030.0 110030 0.0000
sko100a 46.26 44.67 152452.0 152002 0.0030
sko100b 46.28 44.71 154654.0 153890 0.0050
sko100c 46.30 44.73 148608.0 147862 0.0050
sko100d 46.29 44.71 150382.0 149576 0.0054
sko100e 46.32 44.73 150066.0 149150 0.0061
sko100f 46.24 44.67 149814.0 149036 0.0052
sko42 5.60 3.99 15822.0 15812 0.0006
sko49 8.32 6.72 23418.0 23386 0.0014
sko56 9.62 8.05 34552.0 34458 0.0027
sko64 13.37 11.81 48634.0 48498 0.0028
sko72 22.69 21.12 66566.0 66256 0.0047
sko81 31.89 30.27 91366.0 90998 0.0040
sko90 37.07 35.46 116180.0 115534 0.0056
ste36b 4.45 2.88 15852.0 15852 0.0000
ste36c 4.44 2.87 8283082.0 8239110 0.0053
tai100a 46.26 44.69 21534274.0 21052466 0.0229
tai100b 46.27 44.69 1204307490.0 1185996137 0.0154
tai10a 2.82 1.21 135028.0 1.0 135027.0000
tai10b 2.73 1.13 1183760.0 1.0 1183759.0000
tai12a 2.72 1.15 224416.0 224416 0.0000
tai12b 2.68 1.11 39464925.0 39464925 0.0000
tai150b 115.10 113.50 507105675.0 498896643 0.0165
tai15a 2.77 1.17 388214.0 388214 0.0000
tai15b 2.77 1.18 51786763.0 51765268 0.0004
tai17a 2.88 1.27 493662.0 491812 0.0038
tai20a 2.93 1.35 703482.0 703482 0.0000
tai20b 2.96 1.39 122455319.0 122455319 0.0000
tai25a 3.32 1.70 1172026.0 1167256 0.0041
tai25b 3.26 1.67 344355646.0 344355646 0.0000
tai30a 3.50 1.90 1838958.0 1818146 0.0114
tai30b 3.53 1.94 637145112.0 637117113 0.0000
tai35a 4.90 3.30 2442746.0 2422002 0.0086
tai35b 4.90 3.31 284282183.0 283315445 0.0034
tai40a 4.96 3.39 3198196.0 3139370 0.0187
tai40b 4.97 3.40 639988372.0 637250948 0.0043
tai50a 7.84 6.24 5034718.0 4938796 0.0194
tai50b 7.84 6.24 462078421.0 458821517 0.0071
tai60a 11.95 10.38 7373920.0 7205962 0.0233
tai60b 11.96 10.38 615632058.0 608215054 0.0122
tai64c 13.37 11.81 1856396.0 1855928 0.0003
tai80a 28.08 26.52 13805846.0 13499184 0.0227
tai80b 28.14 26.57 829976205.0 818415043 0.0141
tho150 114.96 113.36 8196426.0 8133398 0.0077
tho30 3.53 1.93 149936.0 149936 0.0000
tho40 4.97 3.41 240620.0 240516 0.0004
wil100 46.27 44.70 273810.0 273038 0.0028
wil50 7.84 6.25 48872.0 48816 0.0011
