bur26a 3.25 1.64 5426918.0 5426670 0.0000
bur26b 3.23 1.64 3818910.0 3817852 0.0003
bur26c 3.23 1.64 5427019.0 5426795 0.0000
bur26d 3.23 1.64 3821324.0 3821225 0.0000
bur26e 3.23 1.65 5387562.0 5386879 0.0001
bur26f 3.22 1.64 3782580.0 3782044 0.0001
bur26g 3.22 1.64 10119878.0 10117172 0.0003
bur26h 3.22 1.63 7099998.0 7098658 0.0002
chr12a 2.67 1.10 9552.0 9552 0.0000
chr12b 2.73 1.17 9742.0 9742 0.0000
chr12c 2.71 1.15 11156.0 11156 0.0000
chr15a 2.79 1.19 9896.0 9896 0.0000
chr15b 2.78 1.20 7990.0 7990 0.0000
chr15c 2.74 1.15 9504.0 9504 0.0000
chr18a 2.94 1.35 11558.0 11098 0.0414
chr18b 2.88 1.28 1534.0 1534 0.0000
chr20a 2.96 1.39 2364.0 2192 0.0785
chr20b 2.93 1.37 2424.0 2298 0.0548
chr20c 2.93 1.37 14150.0 14142 0.0006
chr22a 3.00 1.41 6466.0 6156 0.0504
chr22b 2.98 1.38 6494.0 6194 0.0484
chr25a 3.25 1.67 4014.0 3796 0.0574
els19 2.95 1.35 17241460.0 17212548 0.0017
esc128 76.52 74.95 64.0 64 0.0000
esc16a 2.76 1.20 68.0 68 0.0000
esc16b 2.70 1.14 292.0 292 0.0000
esc16c 2.77 1.19 160.0 160 0.0000
esc16d 2.77 1.20 16.0 16 0.0000
esc16e 2.73 1.15 28.0 28 0.0000
esc16f 2.77 1.21 0.0 0.0 0
esc16g 2.78 1.21 26.0 26 0.0000
esc16h 2.72 1.15 996.0 996 0.0000
esc16i 2.85 1.29 14.0 14 0.0000
esc16j 2.78 1.20 8.0 8 0.0000
esc32a 3.81 2.23 130.0 130.0 129.0000
esc32b 3.74 2.18 168.0 168.0 167.0000
esc32c 3.75 2.18 642.0 642.0 641.0000
esc32d 3.75 2.18 200.0 200.0 199.0000
esc32e 3.75 2.17 2.0 2 0.0000
esc32g 3.76 2.18 6.0 6 0.0000
esc32h 3.74 2.18 438.0 438.0 437.0000
esc64a 13.38 11.81 116.0 116.0 115.0000
had12 2.69 1.12 1652.0 1652 0.0000
had14 2.76 1.16 2724.0 2724 0.0000
had16 2.74 1.17 3720.0 3720 0.0000
had18 2.86 1.27 5358.0 5358 0.0000
had20 2.95 1.39 6922.0 6922 0.0000
kra30a 3.50 1.90 88900.0 88900 0.0000
kra30b 3.50 1.90 91420.0 91420 0.0000
kra32 3.74 2.17 88700.0 88700 -0.0022
lipa20a 2.95 1.38 3683.0 3683 0.0000
lipa20b 2.93 1.36 27076.0 27076 0.0000
lipa30a 3.50 1.91 13178.0 13178 0.0000
lipa30b 3.49 1.89 151426.0 151426 0.0000
lipa40a 4.96 3.39 31787.0 31538 0.0079
lipa40b 4.97 3.40 476581.0 476581 0.0000
lipa50a 7.84 6.23 62576.0 62093 0.0078
lipa50b 7.84 6.24 1210244.0 1210244 0.0000
lipa60a 11.96 10.39 108250.0 107218 0.0096
lipa60b 11.96 10.39 2520135.0 2520135 0.0000
lipa70a 21.85 20.23 171204.0 169755 0.0085
lipa70b 21.85 20.23 4603200.0 4603200 0.0000
lipa80a 28.14 26.56 255186.0 253195 0.0079
lipa80b 28.13 26.57 7763962.0 7763962 0.0000
lipa90a 37.07 35.45 363319.0 360630 0.0075
lipa90b 37.08 35.46 12490441.0 12490441 0.0000
nug12 2.67 1.11 578.0 578 0.0000
nug14 2.75 1.16 1014.0 1014 0.0000
nug15 2.74 1.15 1150.0 1150 0.0000
nug16a 2.74 1.16 1610.0 1610 0.0000
nug16b 2.74 1.16 1240.0 1240 0.0000
nug17 2.90 1.29 1732.0 1732 0.0000
nug18 2.91 1.31 1930.0 1930 0.0000
nug20 2.93 1.37 2570.0 2570 0.0000
nug21 3.04 1.44 2438.0 2438 0.0000
nug22 3.01 1.41 3596.0 3596 0.0000
nug24 3.15 1.57 3488.0 3488 0.0000
nug25 3.27 1.67 3746.0 3744 0.0005
nug27 3.40 1.82 5236.0 5234 0.0004
nug28 3.44 1.87 5166.0 5166 0.0000
nug30 3.50 1.90 6124.0 6124 0.0000
rou12 2.71 1.14 235528.0 235528 0.0000
rou15 2.76 1.17 354210.0 354210 0.0000
rou20 3.35 1.78 725662.0 725522 0.0002
scr12 2.68 1.11 31410.0 31410 0.0000
scr15 2.73 1.14 51140.0 51140 0.0000
scr20 2.92 1.36 110030.0 110030 0.0000
sko100a 46.28 44.71 152940.0 152002 0.0062
sko100b 46.23 44.66 154654.0 153890 0.0050
sko100c 46.31 44.74 148610.0 147862 0.0051
sko100d 46.28 44.69 150430.0 149576 0.0057
sko100e 46.25 44.68 150070.0 149150 0.0062
sko100f 46.30 44.72 149604.0 149036 0.0038
sko42 5.60 4.00 15822.0 15812 0.0006
sko49 8.31 6.71 23424.0 23386 0.0016
sko56 9.62 8.06 34558.0 34458 0.0029
sko64 13.39 11.81 48568.0 48498 0.0014
sko72 22.69 21.12 66536.0 66256 0.0042
sko81 31.86 30.24 91430.0 90998 0.0047
sko90 37.09 35.49 116122.0 115534 0.0051
ste36a 4.46 2.88 15814.0 9526 0.0000
ste36b 4.46 2.88 15852.0 15852 0.0000
ste36c 4.46 2.88 8254628.0 8239110 0.0019
tai100a 46.28 44.70 21511884.0 21052466 0.0218
tai100b 46.29 44.71 1203361187.0 1185996137 0.0146
tai10a 2.76 1.16 135028.0 135028 135027.0000
tai10b 2.74 1.14 1183760.0 1183760 1183759.0000
tai12a 2.68 1.12 224416.0 224416 0.0000
tai12b 2.70 1.13 39464925.0 39464925 0.0000
tai150b 115.06 113.47 507176905.0 498896643 0.0166
tai15a 2.76 1.17 388214.0 388214 0.0000
tai15b 2.79 1.19 51861093.0 51765268 0.0019
tai17a 2.87 1.27 491812.0 491812 0.0000
tai20a 2.92 1.36 703482.0 703482 0.0000
tai20b 2.96 1.39 122455319.0 122455319 0.0000
tai256c 466.45 464.89 44031496.0 44759294 0.0000
tai25a 3.26 1.67 1171526.0 1167256 0.0037
tai25b 3.27 1.67 344355646.0 344355646 0.0000
tai30a 3.50 1.91 1835838.0 1818146 0.0097
tai30b 3.50 1.91 638763776.0 637117113 0.0026
tai35a 4.91 3.30 2455874.0 2422002 0.0140
tai35b 4.91 3.31 284449485.0 283315445 0.0040
tai40a 4.96 3.39 3189938.0 3139370 0.0161
tai40b 4.96 3.40 640925434.0 637250948 0.0058
tai50a 7.82 6.22 5040974.0 4938796 0.0207
tai50b 7.83 6.23 462234646.0 458821517 0.0074
tai60a 11.97 10.39 7367118.0 7205962 0.0224
tai60b 11.95 10.38 612847074.0 608215054 0.0076
tai64c 13.38 11.82 1855928.0 1855928 0.0000
tai80a 28.13 26.56 13812020.0 13499184 0.0232
tai80b 28.12 26.56 830370483.0 818415043 0.0146
tho150 115.03 113.43 8201092.0 8133398 0.0083
tho30 3.51 1.91 149936.0 149936 0.0000
tho40 4.96 3.40 240620.0 240516 0.0004
wil100 46.26 44.68 274016.0 273038 0.0036
wil50 7.86 6.26 48874.0 48816 0.0012
