==========Running script at 2026-01-13 20:19:30, seed 42, iters , batch_size , optimizer ==========
bur26a 12.40 8.86 5428960.0 5426670 0.0004
bur26a 3.23 1.64 5428960.0 5426670 0.0004
bur26b 3.25 1.64 3817852.0 3817852 0.0000
bur26c 3.23 1.63 5426795.0 5426795 0.0000
bur26d 3.23 1.64 3821306.0 3821225 0.0000
bur26e 3.23 1.65 5387658.0 5386879 0.0001
bur26f 3.22 1.63 3782587.0 3782044 0.0001
bur26g 3.24 1.65 10119541.0 10117172 0.0002
bur26h 3.21 1.63 7100017.0 7098658 0.0002
chr12a 10.90 7.57 9552.0 9552 0.0000
chr12b 2.69 1.13 9742.0 9742 0.0000
chr12c 2.68 1.11 11156.0 11156 0.0000
chr15a 2.80 1.20 9896.0 9896 0.0000
chr15b 2.80 1.20 7990.0 7990 0.0000
chr15c 2.77 1.19 9504.0 9504 0.0000
chr18a 2.89 1.30 11142.0 11098 0.0040
chr18b 2.89 1.28 1534.0 1534 0.0000
chr20a 12.17 8.62 2440.0 2192 0.1131
chr20b 2.94 1.39 2374.0 2298 0.0331
chr20c 2.95 1.39 14160.0 14142 0.0013
chr22a 12.47 8.87 6468.0 6156 0.0507
chr22b 2.99 1.41 6522.0 6194 0.0530
chr25a 13.28 9.73 4182.0 3796 0.1017
els19 12.75 9.33 17433444.0 17212548 0.0128
esc128 87.28 83.49 64.0 64 0.0000
esc16a 13.32 9.11 68.0 68 0.0000
esc16b 3.27 1.71 292.0 292 0.0000
esc16c 2.71 1.15 160.0 160 0.0000
esc16d 2.73 1.16 16.0 16 0.0000
esc16e 2.75 1.18 28.0 28 0.0000
esc16f 2.74 1.18 0.0 0 nan
esc16g 2.75 1.18 26.0 26 0.0000
esc16h 2.78 1.20 996.0 996 0.0000
esc16i 2.77 1.20 14.0 14 0.0000
esc16j 2.77 1.21 8.0 8 0.0000
esc32a 15.05 10.82 130.0 1.0 129.0000
esc32b 3.74 2.16 168.0 1.0 167.0000
esc32c 3.74 2.17 642.0 1.0 641.0000
esc32d 3.73 2.16 200.0 1.0 199.0000
esc32e 3.74 2.17 2.0 2 0.0000
esc32g 3.78 2.21 6.0 6 0.0000
esc32h 3.75 2.17 438.0 1.0 437.0000
esc64a 24.40 20.43 116.0 1.0 115.0000
had12 2.85 1.29 1652.0 1652 0.0000
had14 14.15 9.70 2724.0 2724 0.0000
had16 2.75 1.18 3720.0 3720 0.0000
had18 2.91 1.30 5358.0 5358 0.0000
had20 2.92 1.35 6922.0 6922 0.0000
kra30a 13.91 10.56 88900.0 88900 0.0000
kra30b 3.51 1.91 91420.0 91420 0.0000
kra32 3.73 2.17 88700.0 88900 -0.0022
lipa20a 2.95 1.38 3683.0 3683 0.0000
lipa20b 2.94 1.38 27076.0 27076 0.0000
lipa30a 3.49 1.90 13178.0 13178 0.0000
lipa30b 3.48 1.90 151426.0 151426 0.0000
lipa40a 14.88 11.27 31747.0 31538 0.0066
lipa40b 4.95 3.40 476581.0 476581 0.0000
lipa50a 19.18 15.49 62747.0 62093 0.0105
lipa50b 7.82 6.23 1210244.0 1210244 0.0000
lipa60a 23.97 19.78 108240.0 107218 0.0095
lipa60b 11.97 10.38 2520135.0 2520135 0.0000
lipa70a 40.66 36.21 171154.0 169755 0.0082
lipa70b 21.83 20.22 4603200.0 4603200 0.0000
lipa80a 41.65 37.49 255199.0 253195 0.0079
lipa80b 28.11 26.54 7763962.0 7763962 0.0000
lipa90a 56.72 52.25 363293.0 360630 0.0074
lipa90b 37.08 35.46 12490441.0 12490441 0.0000
nug12 2.69 1.12 578.0 578 0.0000
nug14 2.82 1.21 1014.0 1014 0.0000
nug15 2.77 1.17 1150.0 1150 0.0000
nug16a 2.72 1.16 1610.0 1610 0.0000
nug16b 2.76 1.20 1240.0 1240 0.0000
nug17 15.04 10.57 1732.0 1732 0.0000
nug18 2.90 1.30 1930.0 1930 0.0000
nug20 2.95 1.39 2570.0 2570 0.0000
nug21 15.12 10.81 2438.0 2438 0.0000
nug22 3.00 1.39 3596.0 3596 0.0000
nug24 14.34 10.07 3488.0 3488 0.0000
nug25 3.26 1.66 3748.0 3744 0.0011
nug27 14.67 11.08 5236.0 5234 0.0004
nug28 14.63 10.40 5166.0 5166 0.0000
nug30 3.50 1.90 6124.0 6124 0.0000
nug30 3.50 1.90 6124.0 6124 0.0000
rou12 2.69 1.13 235528.0 235528 0.0000
rou15 2.74 1.16 354210.0 354210 0.0000
rou20 2.92 1.37 725522.0 725522 0.0000
scr12 2.73 1.16 31410.0 31410 0.0000
scr15 2.76 1.17 51140.0 51140 0.0000
scr20 2.93 1.37 110030.0 110030 0.0000
sko100a 65.81 61.35 152844.0 152002 0.0055
sko100b 46.24 44.67 154654.0 153890 0.0050
sko100c 46.28 44.71 148636.0 147862 0.0052
sko100d 46.30 44.72 150498.0 149576 0.0062
sko100e 46.28 44.71 149810.0 149150 0.0044
sko100f 46.26 44.68 149822.0 149036 0.0053
sko42 17.58 13.21 15816.0 15812 0.0003
sko49 20.81 16.50 23418.0 23386 0.0014
sko56 20.58 16.61 34564.0 34458 0.0031
sko64 13.38 11.80 48644.0 48498 0.0030
sko72 35.91 31.74 66606.0 66256 0.0053
sko81 51.35 46.86 91492.0 90998 0.0054
sko90 37.09 35.47 116092.0 115534 0.0048
ste36b 15.66 11.45 15852.0 15852 0.0000
ste36c 4.46 2.88 8254628.0 8239110 0.0019
tai100a 46.24 44.67 21520896.0 21052466 0.0223
tai100b 46.28 44.70 1204195020.0 1185996137 0.0153
tai10a 14.49 10.08 135028.0 1.0 135027.0000
tai10b 2.73 1.13 1183760.0 1.0 1183759.0000
tai12a 2.75 1.18 224416.0 224416 0.0000
tai12b 2.68 1.11 39464925.0 39464925 0.0000
tai150b 137.76 133.11 507252959.0 498896643 0.0167
tai15a 2.84 1.24 388214.0 388214 0.0000
tai15b 2.76 1.15 51825455.0 51765268 0.0012
tai17a 2.86 1.27 491812.0 491812 0.0000
tai20a 2.92 1.37 707178.0 703482 0.0053
tai20b 2.92 1.36 122455319.0 122455319 0.0000
tai25a 3.30 1.69 1181198.0 1167256 0.0119
tai25b 3.28 1.68 344355646.0 344355646 0.0000
tai30a 3.50 1.90 1836776.0 1818146 0.0102
tai30b 3.55 1.97 637253333.0 637117113 0.0002
tai35a 15.81 12.10 2448120.0 2422002 0.0108
tai35b 4.91 3.30 284202571.0 283315445 0.0031
tai40a 4.98 3.41 3184450.0 3139370 0.0144
tai40b 4.96 3.40 638928793.0 637250948 0.0026
tai50a 7.83 6.24 5037990.0 4938796 0.0201
tai50b 7.83 6.24 461983025.0 458821517 0.0069
tai60a 11.94 10.38 7334024.0 7205962 0.0178
tai60b 11.95 10.38 616143940.0 608215054 0.0130
tai64c 13.38 11.81 1856396.0 1855928 0.0003
tai80a 28.12 26.54 13799960.0 13499184 0.0223
tai80b 28.14 26.57 831035187.0 818415043 0.0154
tho150 115.01 113.41 8205418.0 8133398 0.0089
tho30 3.51 1.91 149936.0 149936 0.0000
tho40 4.97 3.40 240786.0 240516 0.0011
wil100 46.30 44.73 273972.0 273038 0.0034
wil50 7.85 6.24 48860.0 48816 0.0009