==========Running script at 2026-01-13 23:07:42, seed 1234, iters , batch_size , optimizer ==========
bur26a 3.24 1.65 5426670.0 5426670 0.0000
bur26a 3.24 1.64 5426670.0 5426670 0.0000
bur26b 3.23 1.64 3818370.0 3817852 0.0001
bur26c 3.22 1.64 5426987.0 5426795 0.0000
bur26d 3.24 1.65 3821352.0 3821225 0.0000
bur26e 3.24 1.63 5387490.0 5386879 0.0001
bur26f 3.22 1.64 3782656.0 3782044 0.0002
bur26g 3.24 1.64 10119799.0 10117172 0.0003
bur26h 3.32 1.72 7100202.0 7098658 0.0002
chr12a 2.72 1.15 9552.0 9552 0.0000
chr12b 2.73 1.16 9742.0 9742 0.0000
chr12c 2.73 1.16 11156.0 11156 0.0000
chr15a 2.75 1.15 9978.0 9896 0.0083
chr15b 2.81 1.21 7990.0 7990 0.0000
chr15c 2.77 1.18 9940.0 9504 0.0459
chr18a 2.87 1.28 11118.0 11098 0.0018
chr18b 2.86 1.27 1534.0 1534 0.0000
chr20a 2.94 1.36 2318.0 2192 0.0575
chr20b 2.95 1.37 2444.0 2298 0.0635
chr20c 2.95 1.37 14158.0 14142 0.0011
chr22a 2.98 1.39 6572.0 6156 0.0676
chr22b 3.00 1.41 6502.0 6194 0.0497
chr25a 3.29 1.68 3832.0 3796 0.0095
els19 2.94 1.34 17242510.0 17212548 0.0017
esc128 76.58 75.00 64.0 64 0.0000
esc16a 2.79 1.22 68.0 68 0.0000
esc16b 2.72 1.15 292.0 292 0.0000
esc16c 2.92 1.35 160.0 160 0.0000
esc16d 2.78 1.20 16.0 16 0.0000
esc16e 2.71 1.15 28.0 28 0.0000
esc16f 2.78 1.20 0.0 0 nan
esc16g 2.78 1.22 26.0 26 0.0000
esc16h 2.79 1.22 996.0 996 0.0000
esc16i 2.73 1.16 14.0 14 0.0000
esc16j 2.73 1.16 8.0 8 0.0000
esc32a 3.77 2.20 130.0 1.0 129.0000
esc32b 3.74 2.17 168.0 1.0 167.0000
esc32c 3.75 2.18 642.0 1.0 641.0000
esc32d 3.76 2.17 200.0 1.0 199.0000
esc32e 3.73 2.16 2.0 2 0.0000
esc32g 3.73 2.16 6.0 6 0.0000
esc32h 3.75 2.17 438.0 1.0 437.0000
esc64a 13.37 11.79 116.0 1.0 115.0000
had12 2.99 1.41 1652.0 1652 0.0000
had14 2.79 1.18 2724.0 2724 0.0000
had16 2.75 1.19 3720.0 3720 0.0000
had18 2.92 1.32 5358.0 5358 0.0000
had20 2.94 1.38 6922.0 6922 0.0000
kra30a 3.51 1.92 88900.0 88900 0.0000
kra30b 3.49 1.90 91420.0 91420 0.0000
kra32 3.75 2.17 88700.0 88900 -0.0022
lipa20a 2.93 1.37 3683.0 3683 0.0000
lipa20b 2.96 1.39 27076.0 27076 0.0000
lipa30a 3.49 1.89 13178.0 13178 0.0000
lipa30b 3.49 1.90 151426.0 151426 0.0000
lipa40a 4.96 3.39 31682.0 31538 0.0046
lipa40b 4.96 3.40 476581.0 476581 0.0000
lipa50a 7.82 6.24 62737.0 62093 0.0104
lipa50b 7.82 6.23 1210244.0 1210244 0.0000
lipa60a 11.94 10.37 108194.0 107218 0.0091
lipa60b 11.98 10.40 2520135.0 2520135 0.0000
lipa70a 21.83 20.22 171236.0 169755 0.0087
lipa70b 21.84 20.22 4603200.0 4603200 0.0000
lipa80a 28.15 26.58 255185.0 253195 0.0079
lipa80b 28.12 26.55 7763962.0 7763962 0.0000
lipa90a 37.06 35.45 363285.0 360630 0.0074
lipa90b 37.05 35.44 12490441.0 12490441 0.0000
nug12 2.73 1.17 578.0 578 0.0000
nug14 2.80 1.20 1014.0 1014 0.0000
nug15 2.78 1.17 1150.0 1150 0.0000
nug16a 2.74 1.16 1610.0 1610 0.0000
nug16b 2.78 1.20 1240.0 1240 0.0000
nug17 2.92 1.32 1732.0 1732 0.0000
nug18 2.88 1.30 1930.0 1930 0.0000
nug20 2.99 1.42 2570.0 2570 0.0000
nug21 3.03 1.44 2438.0 2438 0.0000
nug22 2.98 1.39 3596.0 3596 0.0000
nug24 3.16 1.59 3488.0 3488 0.0000
nug25 3.28 1.68 3746.0 3744 0.0005
nug27 3.41 1.81 5234.0 5234 0.0000
nug28 3.44 1.87 5166.0 5166 0.0000
nug30 3.50 1.91 6124.0 6124 0.0000
nug30 3.49 1.90 6124.0 6124 0.0000
rou12 2.68 1.11 235528.0 235528 0.0000
rou15 2.85 1.27 354210.0 354210 0.0000
rou20 2.92 1.37 725522.0 725522 0.0000
scr12 2.73 1.16 31410.0 31410 0.0000
scr15 2.76 1.17 51140.0 51140 0.0000
scr20 2.94 1.36 110102.0 110030 0.0007
sko100a 46.28 44.71 152770.0 152002 0.0051
sko100b 46.27 44.69 154654.0 153890 0.0050
sko100c 46.25 44.67 148482.0 147862 0.0042
sko100d 46.26 44.68 150522.0 149576 0.0063
sko100e 46.28 44.71 149936.0 149150 0.0053
sko100f 46.29 44.70 149824.0 149036 0.0053
sko42 5.62 4.00 15824.0 15812 0.0008
sko49 8.30 6.70 23430.0 23386 0.0019
sko56 9.63 8.05 34538.0 34458 0.0023
sko64 13.36 11.78 48642.0 48498 0.0030
sko72 22.71 21.13 66460.0 66256 0.0031
sko81 31.81 30.22 91396.0 90998 0.0044
sko90 37.09 35.49 116268.0 115534 0.0064
ste36b 4.45 2.88 15852.0 15852 0.0000
ste36c 4.45 2.87 8254628.0 8239110 0.0019
tai100a 46.31 44.72 21556798.0 21052466 0.0240
tai100b 46.26 44.69 1201150775.0 1185996137 0.0128
tai10a 2.79 1.19 135028.0 1.0 135027.0000
tai10b 2.78 1.18 1183760.0 1.0 1183759.0000
tai12a 2.72 1.16 224416.0 224416 0.0000
tai12b 2.69 1.13 39464925.0 39464925 0.0000
tai150b 115.09 113.50 507065211.0 498896643 0.0164
tai15a 2.78 1.18 388250.0 388214 0.0001
tai15b 2.76 1.16 51863595.0 51765268 0.0019
tai17a 2.87 1.28 491812.0 491812 0.0000
tai20a 2.93 1.36 703482.0 703482 0.0000
tai20b 2.96 1.39 122455319.0 122455319 0.0000
tai25a 3.26 1.67 1178170.0 1167256 0.0094
tai25b 3.26 1.67 344355646.0 344355646 0.0000
tai30a 3.49 1.90 1837974.0 1818146 0.0109
tai30b 3.51 1.90 637468284.0 637117113 0.0006
tai35a 4.91 3.31 2458182.0 2422002 0.0149
tai35b 4.90 3.30 284555604.0 283315445 0.0044
tai40a 4.95 3.39 3194118.0 3139370 0.0174
tai40b 4.96 3.39 640219628.0 637250948 0.0047
tai50a 7.82 6.23 5047780.0 4938796 0.0221
tai50b 7.82 6.24 461757779.0 458821517 0.0064
tai60a 11.96 10.38 7358070.0 7205962 0.0211
tai60b 11.97 10.40 613593250.0 608215054 0.0088
tai64c 13.39 11.82 1860702.0 1855928 0.0026
tai80a 28.13 26.56 13832100.0 13499184 0.0247
tai80b 28.12 26.54 830980302.0 818415043 0.0154
tho150 115.02 113.42 8209494.0 8133398 0.0094
tho30 3.50 1.91 149994.0 149936 0.0004
tho40 4.96 3.41 240834.0 240516 0.0013
wil100 46.26 44.68 273916.0 273038 0.0032
wil50 7.84 6.24 48874.0 48816 0.0012
