# Time(s) ObjectiveValue
0.007555 3454398.000000
0.007997 3414512.000000
0.008448 3370048.000000
0.008891 3320814.000000
0.009341 3264642.000000
0.009790 3201014.000000
0.010238 3129978.000000
0.010674 3050578.000000
0.011111 2965052.000000
0.011541 2871286.000000
0.011964 2773788.000000
0.012390 2681496.000000
0.012806 2584652.000000
0.013233 2485654.000000
0.013648 2382182.000000
0.014067 2272978.000000
0.014486 2156204.000000
0.014897 2033736.000000
0.015313 1904114.000000
0.015723 1769022.000000
0.016129 1624980.000000
0.016551 1474224.000000
0.016961 1314378.000000
0.017373 1147520.000000
0.017779 974198.000000
0.018191 793108.000000
0.018601 602948.000000
0.019004 407416.000000
0.019407 208984.000000
0.019812 201372.000000
0.020213 199872.000000
0.020617 198388.000000
0.021012 196936.000000
0.021420 195408.000000
0.021819 193966.000000
0.022229 192520.000000
0.022625 191008.000000
0.023016 189576.000000
0.023414 188316.000000
0.023800 187024.000000
0.024200 185888.000000
0.024589 184784.000000
0.024980 183666.000000
0.025369 182550.000000
0.025752 181530.000000
0.026141 180092.000000
0.026542 179004.000000
0.026930 177948.000000
0.027325 176962.000000
0.027708 176112.000000
0.028100 175070.000000
0.028483 174226.000000
0.028869 173398.000000
0.029286 172594.000000
0.029674 171722.000000
0.030049 170948.000000
0.030431 170174.000000
0.030812 169448.000000
0.031187 168736.000000
0.031562 167928.000000
0.031941 166642.000000
0.032324 165916.000000
0.032704 165184.000000
0.033077 163982.000000
0.033452 163054.000000
0.033833 162364.000000
0.034211 161738.000000
0.034583 161118.000000
0.034954 160024.000000
0.035330 159428.000000
0.035700 158872.000000
0.036074 158340.000000
0.036448 157818.000000
0.036815 157334.000000
0.037194 156836.000000
0.037565 156364.000000
0.037936 155922.000000
0.038318 155500.000000
0.038691 154750.000000
0.039066 154352.000000
0.039440 153768.000000
0.039817 153338.000000
0.040196 152934.000000
0.040568 152302.000000
0.040947 151788.000000
0.041324 151370.000000
0.041694 150792.000000
0.042070 150340.000000
0.042446 150016.000000
0.042817 149708.000000
0.043200 149408.000000
0.043576 148880.000000
0.043949 148552.000000
0.044326 148284.000000
0.044700 147964.000000
0.045066 147352.000000
0.045441 147084.000000
0.045818 146818.000000
0.046188 146390.000000
0.046556 145548.000000
0.046932 144958.000000
0.047312 144500.000000
0.047685 144162.000000
0.048061 143904.000000
0.048428 143646.000000
0.048808 143394.000000
0.049184 143148.000000
0.049567 142950.000000
0.049946 142784.000000
0.050329 142624.000000
0.050703 142458.000000
0.051074 142268.000000
0.051458 141806.000000
0.051834 140910.000000
0.052217 140334.000000
0.052593 140058.000000
0.052970 139716.000000
0.053349 139416.000000
0.053729 139182.000000
0.054112 138986.000000
0.054495 138842.000000
0.054870 138704.000000
0.055250 138568.000000
0.055627 138436.000000
0.056013 138336.000000
0.056395 138272.000000
0.056772 138208.000000
0.057159 138156.000000
0.057538 138114.000000
0.057923 138048.000000
0.058306 137890.000000
0.058682 137566.000000
0.059070 137300.000000
0.059451 137098.000000
0.059832 136814.000000
0.060216 136700.000000
0.060586 136616.000000
0.060965 136564.000000
0.061347 136514.000000
0.061730 136470.000000
0.062104 136428.000000
0.062487 136388.000000
0.062865 136356.000000
0.063248 136172.000000
0.063629 136072.000000
0.064007 136044.000000
0.064388 136008.000000
0.064770 135910.000000
0.065154 135866.000000
0.065534 135844.000000
0.065914 135790.000000
0.066301 135768.000000
0.066677 135750.000000
0.067058 135734.000000
0.067431 135660.000000
0.067809 135646.000000
0.068196 135566.000000
0.068573 135502.000000
0.068952 135490.000000
0.069332 135480.000000
0.069710 135476.000000
0.070088 135472.000000
0.070470 135468.000000
0.070850 135466.000000
0.071239 135464.000000
0.071988 135422.000000
0.075417 135404.000000
0.106244 135340.000000
0.106628 135188.000000
0.107015 135120.000000
0.107396 134890.000000
0.107779 134862.000000
0.108162 134838.000000
0.108541 134818.000000
0.108930 134800.000000
0.109319 134788.000000
0.109704 134774.000000
0.110084 134764.000000
0.110465 134754.000000
0.110845 134748.000000
0.111229 134744.000000
0.111612 134742.000000
0.111997 134740.000000
0.123459 134738.000000
0.123838 134710.000000
0.124226 134692.000000
0.124608 134686.000000
0.124991 134680.000000
0.125379 134676.000000
0.125763 134674.000000
2.087050 134628.000000
2.087444 134574.000000
2.087828 134524.000000
2.088213 134474.000000
2.088597 134424.000000
2.088980 134386.000000
2.089359 134358.000000
2.089742 134328.000000
2.090128 134306.000000
2.090506 134288.000000
2.090886 134278.000000
2.091270 134274.000000
2.091648 134270.000000
2.092036 134268.000000
2.092413 134262.000000
2.092792 134260.000000
2.102718 134242.000000
2.103100 134224.000000
2.103480 134220.000000
2.103859 134216.000000
2.104244 134206.000000
2.108060 134176.000000
2.108445 134158.000000
2.108828 134154.000000
2.272774 134152.000000
2.273159 134098.000000
2.273543 134046.000000
2.273926 134012.000000
2.274311 133982.000000
2.274691 133958.000000
2.275073 133950.000000
2.275458 133942.000000
2.275841 133936.000000
2.276222 133930.000000
2.276606 133928.000000
3.737122 133926.000000
3.737504 133868.000000
3.737890 133816.000000
3.738272 133774.000000
3.738646 133768.000000
3.739028 133764.000000
3.739410 133762.000000
3.739786 133760.000000
23.574806 133732.000000
23.575199 133674.000000
23.575579 133628.000000
23.575962 133586.000000
23.576342 133546.000000
23.576721 133528.000000
23.577105 133510.000000
23.577490 133502.000000
23.577867 133494.000000
23.578255 133486.000000
23.578633 133480.000000
23.579387 133438.000000
23.582037 133436.000000
23.582419 133434.000000
24.759635 107902.000000
24.760059 105196.000000
24.760479 103092.000000
24.760886 101224.000000
24.761291 99626.000000
24.761685 98246.000000
24.762100 96884.000000
24.762497 95574.000000
24.762892 94320.000000
24.763291 93170.000000
24.763687 91996.000000
24.764089 90900.000000
24.764490 89814.000000
24.764886 88734.000000
24.765277 87660.000000
24.765671 86578.000000
24.766064 85560.000000
24.766452 84652.000000
24.766837 83772.000000
24.767233 82646.000000
24.767622 81780.000000
24.768013 80962.000000
24.768398 80016.000000
24.768785 79080.000000
24.769179 78264.000000
24.769564 77492.000000
24.769957 76730.000000
24.770342 75980.000000
24.770741 75248.000000
24.771125 74556.000000
24.771499 73868.000000
24.771885 73206.000000
24.772268 72552.000000
24.772648 71926.000000
24.773049 71278.000000
24.773435 70654.000000
24.773815 70078.000000
24.774206 69156.000000
24.774590 68414.000000
24.774977 67902.000000
24.775359 67396.000000
24.775744 66900.000000
24.776133 66432.000000
24.776512 65990.000000
24.776900 65322.000000
24.777278 64896.000000
24.777660 64312.000000
24.778050 63894.000000
24.778433 63516.000000
24.778812 63150.000000
24.779203 62704.000000
24.779584 62360.000000
24.779977 61968.000000
24.780360 61646.000000
24.780746 61340.000000
24.781132 61084.000000
24.781518 60682.000000
24.781902 60452.000000
24.782279 60184.000000
24.782661 59974.000000
24.783048 59778.000000
24.783428 59586.000000
24.783808 59084.000000
24.784192 58484.000000
24.784573 58022.000000
24.784957 57804.000000
24.785336 57592.000000
24.785721 57426.000000
24.786113 57264.000000
24.786493 56954.000000
24.786876 56730.000000
24.787258 56536.000000
24.787634 56040.000000
24.788020 55898.000000
24.788407 55774.000000
24.788794 55652.000000
24.789180 55518.000000
24.789564 55408.000000
24.789947 55300.000000
24.790323 55200.000000
24.790717 55106.000000
24.791106 55018.000000
24.791488 54936.000000
24.791871 54844.000000
24.792260 54764.000000
24.792640 54684.000000
24.793028 54608.000000
24.793404 54542.000000
24.793785 54478.000000
24.794172 54416.000000
24.794553 54354.000000
24.794938 54294.000000
24.795313 54236.000000
24.795701 54182.000000
24.796083 54140.000000
24.796461 54100.000000
24.796845 54070.000000
24.797230 54048.000000
24.797612 54026.000000
24.798001 54008.000000
24.798381 53992.000000
24.798760 53980.000000
24.799144 53976.000000
24.799526 53970.000000
24.799900 53966.000000
24.801442 53940.000000
24.801827 53554.000000
24.802214 53246.000000
24.802600 53000.000000
24.802985 52840.000000
24.803362 52662.000000
24.803739 52556.000000
24.804126 52524.000000
24.804508 52500.000000
24.804891 52478.000000
24.805282 52020.000000
24.805664 51536.000000
24.806050 50958.000000
24.806430 50306.000000
24.806817 49882.000000
24.807202 49666.000000
24.807586 49588.000000
24.807980 49558.000000
24.808366 49530.000000
24.808745 49510.000000
24.809136 49492.000000
24.809521 49478.000000
24.809902 49470.000000
24.810280 49232.000000
24.810662 48988.000000
24.811046 48802.000000
24.811430 48794.000000
24.811812 48786.000000
24.812195 48770.000000
24.812582 48734.000000
24.812988 48700.000000
24.813370 48678.000000
24.813769 48670.000000
24.814150 48636.000000
24.814529 48634.000000
24.814913 48610.000000
24.815301 48594.000000
28.192618 48188.000000
28.193014 47906.000000
28.193399 47722.000000
28.193779 47446.000000
28.194163 47314.000000
28.194546 47184.000000
28.194942 47058.000000
28.195326 46950.000000
28.195701 46850.000000
28.196087 46750.000000
28.196465 46614.000000
28.196848 46520.000000
28.197237 46434.000000
28.197616 46352.000000
28.198008 46272.000000
28.198392 46194.000000
28.198779 46120.000000
28.199164 46054.000000
28.199543 45994.000000
28.199930 45938.000000
28.200313 45880.000000
28.200693 45826.000000
28.201078 45756.000000
28.201459 45678.000000
28.201838 45626.000000
28.202223 45540.000000
28.202607 45370.000000
28.203000 44868.000000
28.203383 44784.000000
28.203772 44736.000000
28.204156 44688.000000
28.204541 44642.000000
28.204927 44596.000000
28.205311 44550.000000
28.205694 44492.000000
28.206081 44454.000000
28.206468 44418.000000
28.206848 44382.000000
28.207230 44346.000000
28.207612 44312.000000
28.208001 44284.000000
28.208386 44258.000000
28.208784 44234.000000
28.209168 44216.000000
28.209549 44202.000000
28.209937 44178.000000
28.210309 44166.000000
28.210689 44158.000000
28.211073 44148.000000
28.211459 44096.000000
28.211843 44056.000000
28.212225 44050.000000
28.212615 44046.000000
28.213002 44044.000000
28.329733 43590.000000
28.330125 43390.000000
28.330506 43232.000000
28.330887 43076.000000
28.331270 42924.000000
28.331654 42796.000000
28.332041 42706.000000
28.332415 42620.000000
28.332789 42550.000000
28.333170 42484.000000
28.333552 42426.000000
28.333930 42382.000000
28.334316 42348.000000
28.334694 42316.000000
28.335081 42288.000000
28.335462 42076.000000
28.335846 42052.000000
28.336233 42042.000000
28.336612 42018.000000
28.336998 42014.000000
28.415799 41964.000000
28.416187 41820.000000
28.416568 41550.000000
28.416951 41418.000000
28.417346 41290.000000
28.417734 41172.000000
28.418116 40716.000000
28.418500 40600.000000
28.418885 40522.000000
28.419264 40448.000000
28.419649 40402.000000
28.420037 40360.000000
28.420418 40322.000000
28.420801 40270.000000
28.421201 40236.000000
28.421579 40208.000000
28.421956 40184.000000
28.422339 40178.000000
32.840379 40094.000000
32.840767 40008.000000
32.841148 39940.000000
32.841531 39884.000000
32.841908 39832.000000
32.842283 39786.000000
32.842656 39740.000000
32.843039 39696.000000
32.843413 39658.000000
32.843791 39620.000000
32.844178 39596.000000
32.844557 39572.000000
32.844940 39550.000000
32.845320 39532.000000
32.845700 39514.000000
32.846087 39502.000000
32.846474 39500.000000
34.851338 39420.000000
34.851721 39274.000000
34.852102 39140.000000
34.852478 39042.000000
34.852856 38954.000000
34.853233 38868.000000
34.853613 38790.000000
34.853999 38730.000000
34.854376 38680.000000
34.854752 38634.000000
34.855136 38598.000000
34.855516 38562.000000
34.855900 38526.000000
34.856278 38494.000000
34.856661 38466.000000
34.857050 38438.000000
34.857438 38414.000000
34.857812 38394.000000
34.858192 38378.000000
34.858576 38364.000000
34.858967 38344.000000
34.859348 38332.000000
34.859724 38322.000000
34.860111 38314.000000
34.860498 38306.000000
34.867035 38304.000000
34.867428 38296.000000
34.867826 38292.000000
34.868214 38290.000000
59.132058 38272.000000
59.132446 38148.000000
59.132836 38066.000000
59.133218 37988.000000
59.133606 37916.000000
59.133990 37844.000000
59.134375 37784.000000
59.134765 37732.000000
59.135145 37684.000000
59.135525 37640.000000
59.135904 37610.000000
59.136281 37584.000000
59.136658 37558.000000
59.137037 37506.000000
59.137417 37482.000000
59.137800 37458.000000
59.138183 37434.000000
59.138573 37412.000000
59.138953 37394.000000
59.139333 37368.000000
59.139716 37350.000000
59.140096 37332.000000
59.140473 37314.000000
59.140859 37298.000000
59.141237 37286.000000
59.141619 37274.000000
59.142004 37264.000000
59.142387 37260.000000
59.142772 37256.000000
130.471625 37246.000000
130.472017 37158.000000
130.472400 37072.000000
130.472778 36990.000000
130.473158 36916.000000
130.473539 36872.000000
130.473916 36828.000000
130.474302 36786.000000
130.474677 36748.000000
130.475057 36712.000000
130.475438 36678.000000
130.475818 36646.000000
130.476200 36618.000000
130.476584 36590.000000
130.476970 36564.000000
130.477351 36538.000000
130.477731 36516.000000
130.478114 36496.000000
130.478500 36484.000000
130.478884 36476.000000
130.479267 36474.000000
133.339223 36398.000000
133.339613 36270.000000
133.339999 36152.000000
133.340380 36042.000000
133.340760 35954.000000
133.341139 35868.000000
133.341519 35800.000000
133.341907 35744.000000
133.342287 35690.000000
133.342673 35644.000000
133.343052 35598.000000
133.343433 35554.000000
133.343810 35516.000000
133.344193 35484.000000
133.344568 35456.000000
133.344956 35432.000000
133.345339 35408.000000
133.345719 35380.000000
133.346096 35348.000000
133.346482 35324.000000
133.346863 35288.000000
133.347248 35266.000000
133.347627 35244.000000
133.348015 35224.000000
133.348401 35204.000000
133.348788 35184.000000
133.349180 35168.000000
133.349560 35152.000000
133.349944 35140.000000
133.350334 35138.000000
600.000320 35138.000000
