# Time(s) ObjectiveValue
0.165855 17578486.000000
0.169484 17542394.000000
0.173032 17501370.000000
0.176610 17456378.000000
0.180201 17407648.000000
0.183792 17353966.000000
0.187348 17295056.000000
0.190946 17231676.000000
0.194495 17164436.000000
0.198056 17091798.000000
0.201593 17013956.000000
0.205130 16930454.000000
0.208659 16842434.000000
0.212217 16749654.000000
0.215771 16651216.000000
0.219311 16549476.000000
0.222848 16442994.000000
0.226382 16331392.000000
0.229914 16216214.000000
0.233417 16096620.000000
0.236922 15971944.000000
0.240440 15843882.000000
0.243932 15712244.000000
0.247426 15574576.000000
0.250908 15433310.000000
0.254367 15285930.000000
0.257833 15134934.000000
0.261321 14979438.000000
0.264807 14819046.000000
0.268286 14654842.000000
0.271751 14486456.000000
0.275271 14314652.000000
0.278714 14141908.000000
0.282192 13966030.000000
0.285668 13786678.000000
0.289096 13601600.000000
0.292479 13412190.000000
0.295917 13219200.000000
0.299362 13020108.000000
0.302792 12817464.000000
0.306215 12609994.000000
0.309675 12397772.000000
0.313130 12180164.000000
0.316541 11958452.000000
0.319968 11732838.000000
0.323382 11502366.000000
0.326816 11268894.000000
0.330272 11031126.000000
0.333689 10788788.000000
0.337132 10542662.000000
0.340545 10292642.000000
0.343931 10036462.000000
0.347283 9775708.000000
0.350690 9509790.000000
0.354056 9238616.000000
0.357443 8964362.000000
0.360836 8685408.000000
0.364286 8400356.000000
0.367680 8113422.000000
0.371063 7821856.000000
0.374480 7526134.000000
0.377849 7225778.000000
0.381207 6922226.000000
0.384589 6616008.000000
0.387955 6304364.000000
0.391310 5988552.000000
0.394744 5668526.000000
0.398128 5346140.000000
0.401484 5021100.000000
0.404902 4692038.000000
0.408280 4360364.000000
0.411651 4026388.000000
0.415025 3690048.000000
0.418380 3352038.000000
0.421757 3010576.000000
0.425127 2666904.000000
0.428507 2320010.000000
0.431856 1969702.000000
0.435221 1617442.000000
0.438580 1264420.000000
0.441928 913794.000000
0.445269 564172.000000
0.448623 562760.000000
0.451970 561356.000000
0.455326 560038.000000
0.458669 558744.000000
0.462025 556898.000000
0.465353 555340.000000
0.468679 554016.000000
0.472013 552770.000000
0.475366 551556.000000
0.478704 550120.000000
0.482034 548712.000000
0.485381 547552.000000
0.488695 546410.000000
0.492030 545030.000000
0.495344 543900.000000
0.498678 542496.000000
0.501967 541366.000000
0.505257 540238.000000
0.508545 539108.000000
0.511835 537866.000000
0.515118 536690.000000
0.518385 535520.000000
0.521675 534398.000000
0.524943 533296.000000
0.528173 532198.000000
0.531447 531010.000000
0.534717 529926.000000
0.537953 528854.000000
0.541235 527806.000000
0.544504 526788.000000
0.547706 525612.000000
0.550943 524224.000000
0.554161 523212.000000
0.557405 521778.000000
0.560675 520816.000000
0.563914 519858.000000
0.567142 518798.000000
0.570391 517818.000000
0.573661 516890.000000
0.576888 515882.000000
0.580110 514966.000000
0.583330 513992.000000
0.586558 513096.000000
0.589806 512008.000000
0.593033 511124.000000
0.596244 510240.000000
0.599439 509364.000000
0.602675 508488.000000
0.605877 507506.000000
0.609087 506482.000000
0.612282 505560.000000
0.615491 504502.000000
0.618701 502960.000000
0.621949 501816.000000
0.625120 500954.000000
0.628329 500098.000000
0.631545 498990.000000
0.634762 498126.000000
0.637959 497178.000000
0.641164 496348.000000
0.644361 495560.000000
0.647523 494750.000000
0.650738 493934.000000
0.653929 493024.000000
0.657131 492124.000000
0.660297 491318.000000
0.663515 490522.000000
0.666694 489644.000000
0.669841 488862.000000
0.673058 487858.000000
0.676202 486688.000000
0.679381 485750.000000
0.682575 484904.000000
0.685730 484060.000000
0.688900 483086.000000
0.692075 482182.000000
0.695241 481350.000000
0.698407 480230.000000
0.701580 479430.000000
0.704756 478672.000000
0.707945 477818.000000
0.711125 476924.000000
0.714328 476098.000000
0.717528 475308.000000
0.720699 474508.000000
0.723853 473738.000000
0.727067 472982.000000
0.730238 472160.000000
0.733424 471370.000000
0.736624 470602.000000
0.739798 469750.000000
0.742973 468984.000000
0.746135 468112.000000
0.749277 467360.000000
0.752476 466626.000000
0.755633 465918.000000
0.758797 465214.000000
0.761973 464528.000000
0.765118 463676.000000
0.768314 462984.000000
0.771508 462318.000000
0.774664 461656.000000
0.777841 460818.000000
0.780990 459950.000000
0.784121 459014.000000
0.787296 458276.000000
0.790454 457620.000000
0.793649 456964.000000
0.796832 456248.000000
0.800030 455580.000000
0.803197 454584.000000
0.806346 453928.000000
0.809498 453210.000000
0.812683 452556.000000
0.815830 451912.000000
0.818986 451094.000000
0.822096 450396.000000
0.825233 449744.000000
0.828404 449124.000000
0.831574 448332.000000
0.834716 447716.000000
0.837870 447120.000000
0.841000 446526.000000
0.844148 445354.000000
0.847284 444772.000000
0.850396 443872.000000
0.853548 443172.000000
0.856677 442574.000000
0.859849 441976.000000
0.863026 441388.000000
0.866185 440810.000000
0.869335 440270.000000
0.872474 439740.000000
0.875640 439208.000000
0.878788 438524.000000
0.881917 437978.000000
0.885028 437440.000000
0.888131 436914.000000
0.891290 436326.000000
0.894450 435770.000000
0.897612 435246.000000
0.900805 434664.000000
0.903962 434104.000000
0.907112 433604.000000
0.910264 433086.000000
0.913427 432388.000000
0.916573 431812.000000
0.919722 431102.000000
0.922907 430540.000000
0.926053 429978.000000
0.929179 429276.000000
0.932314 428602.000000
0.935490 428084.000000
0.938632 427606.000000
0.941772 427138.000000
0.944920 426674.000000
0.948017 426220.000000
0.951209 425782.000000
0.954381 425322.000000
0.957542 424776.000000
0.960687 424340.000000
0.963827 423872.000000
0.966976 423422.000000
0.970119 423000.000000
0.973260 422590.000000
0.976408 422196.000000
0.979551 421806.000000
0.982694 421416.000000
0.985852 421034.000000
0.989032 420668.000000
0.992187 420318.000000
0.995348 419976.000000
0.998520 419640.000000
1.001644 419308.000000
1.004826 418990.000000
1.008000 418682.000000
1.011137 418388.000000
1.014270 417958.000000
1.017414 417626.000000
1.020569 417274.000000
1.023722 416852.000000
1.026888 416452.000000
1.030044 416126.000000
1.033181 415632.000000
1.036325 415324.000000
1.039504 414488.000000
1.042652 413812.000000
1.045804 413148.000000
1.048951 412208.000000
1.052052 411862.000000
1.055190 411268.000000
1.058359 410466.000000
1.061514 410048.000000
1.064644 409596.000000
1.067806 409298.000000
1.070960 408510.000000
1.074104 408170.000000
1.077274 407562.000000
1.080403 407162.000000
1.083535 406630.000000
1.086682 406334.000000
1.089825 405918.000000
1.092971 405606.000000
1.096126 405292.000000
1.099274 405006.000000
1.102416 404728.000000
1.105588 404452.000000
1.108738 404182.000000
1.111874 403920.000000
1.114991 403526.000000
1.118128 403264.000000
1.121296 402320.000000
1.124447 401948.000000
1.127629 401324.000000
1.130826 401064.000000
1.133971 400530.000000
1.137111 399828.000000
1.140388 399498.000000
1.143550 399244.000000
1.146715 398830.000000
1.149887 398580.000000
1.153041 398336.000000
1.156220 398092.000000
1.159355 397852.000000
1.162517 397614.000000
1.165675 397384.000000
1.168796 397170.000000
1.171934 396972.000000
1.175081 396742.000000
1.178255 396546.000000
1.181398 396252.000000
1.184568 395892.000000
1.187706 395534.000000
1.190840 394984.000000
1.193995 394382.000000
1.197147 393936.000000
1.200344 393686.000000
1.203501 393500.000000
1.206636 393150.000000
1.209763 392980.000000
1.212939 392816.000000
1.216087 391992.000000
1.219302 391802.000000
1.222478 390842.000000
1.225627 390512.000000
1.228766 390314.000000
1.231898 390128.000000
1.235071 389984.000000
1.238215 389844.000000
1.241326 389714.000000
1.244476 389578.000000
1.247638 389448.000000
1.250778 389320.000000
1.253894 389192.000000
1.257020 389064.000000
1.260142 388938.000000
1.263275 388806.000000
1.266423 388682.000000
1.269576 388568.000000
1.272745 388458.000000
1.275885 388350.000000
1.279025 388250.000000
1.282201 388152.000000
1.285332 388056.000000
1.288481 387926.000000
1.291604 387666.000000
1.294781 387570.000000
1.297945 387466.000000
1.301107 387372.000000
1.304256 387280.000000
1.307416 387188.000000
1.310564 387096.000000
1.313704 387010.000000
1.316847 386926.000000
1.320013 386844.000000
1.323126 386706.000000
1.326319 386626.000000
1.329429 386550.000000
1.332544 386474.000000
1.335689 386398.000000
1.338830 386328.000000
1.341950 386260.000000
1.345103 386194.000000
1.348280 386134.000000
1.351451 386076.000000
1.354612 386018.000000
1.357790 385954.000000
1.360920 385896.000000
1.364083 385840.000000
1.367247 385786.000000
1.370408 385734.000000
1.373547 385682.000000
1.376714 385632.000000
1.379870 385520.000000
1.383067 385380.000000
1.386235 385272.000000
1.389415 385222.000000
1.392562 385172.000000
1.395736 385124.000000
1.398898 385076.000000
1.402024 385028.000000
1.405188 384982.000000
1.408351 384938.000000
1.411457 384894.000000
1.414590 384818.000000
1.417728 384738.000000
1.420873 384696.000000
1.424030 384656.000000
1.427159 384606.000000
1.430273 384566.000000
1.433444 384532.000000
1.436604 384490.000000
1.439724 384458.000000
1.442857 384426.000000
1.446029 384394.000000
1.449197 384362.000000
1.452323 384334.000000
1.455478 384306.000000
1.458635 384274.000000
1.461777 384246.000000
1.464922 384220.000000
1.468067 384194.000000
1.471237 384168.000000
1.474379 384142.000000
1.477486 384118.000000
1.480654 384094.000000
1.483803 384070.000000
1.486973 384048.000000
1.490108 384026.000000
1.493257 384004.000000
1.496395 383982.000000
1.499560 383962.000000
1.502688 383942.000000
1.505860 383922.000000
1.509016 383902.000000
1.512195 383850.000000
1.515339 383646.000000
1.518469 383354.000000
1.521610 383168.000000
1.524780 382932.000000
1.527952 382436.000000
1.531068 382338.000000
1.534190 382206.000000
1.537342 382146.000000
1.540508 382090.000000
1.543626 382038.000000
1.546753 381992.000000
1.549917 381960.000000
1.553078 381924.000000
1.556216 381896.000000
1.559308 381876.000000
1.562461 381856.000000
1.565608 381836.000000
1.568751 381818.000000
1.571901 381782.000000
1.575060 381764.000000
1.578193 381748.000000
1.581319 381726.000000
1.584472 381710.000000
1.587605 381694.000000
1.590723 381680.000000
1.593870 381652.000000
1.597029 381640.000000
1.600174 381630.000000
1.603321 381620.000000
1.606481 381414.000000
1.609657 381056.000000
1.612796 380690.000000
1.615963 380558.000000
1.619117 380384.000000
1.622301 380190.000000
1.625446 380096.000000
1.628561 380038.000000
1.631678 379774.000000
1.634803 379602.000000
1.637956 379484.000000
1.641118 379382.000000
1.644288 379240.000000
1.647413 379180.000000
1.650571 378898.000000
1.653740 378748.000000
1.656891 378368.000000
1.660030 378162.000000
1.663185 377356.000000
1.666313 376982.000000
1.669425 376110.000000
1.672556 375368.000000
1.675699 374920.000000
1.678838 374550.000000
1.681984 374266.000000
1.685144 374112.000000
1.688271 374034.000000
1.691415 373940.000000
1.694590 373878.000000
1.697762 373670.000000
1.700884 373536.000000
1.704019 373476.000000
1.707182 373424.000000
1.710315 373374.000000
1.713447 373250.000000
1.716600 373204.000000
1.719743 373160.000000
1.722867 373116.000000
1.726031 373084.000000
1.729169 372986.000000
1.732291 372790.000000
1.735423 372718.000000
1.738577 372538.000000
1.741757 372232.000000
1.744936 372162.000000
1.748056 372108.000000
1.751222 372088.000000
1.754367 372068.000000
1.757500 372050.000000
1.760612 372000.000000
1.763776 371800.000000
1.766958 371776.000000
1.770097 371670.000000
1.773223 371652.000000
1.776334 371638.000000
1.779497 371626.000000
1.782660 371612.000000
1.785814 371600.000000
1.788954 371574.000000
1.792105 371564.000000
1.795269 371554.000000
1.798443 371546.000000
1.801579 371538.000000
1.804743 371510.000000
1.807894 371440.000000
1.811015 371434.000000
1.814169 371428.000000
1.817348 371422.000000
1.820506 371416.000000
1.823685 371410.000000
1.826840 371404.000000
1.829995 371398.000000
1.833144 371348.000000
1.836314 371342.000000
1.839484 371338.000000
1.842649 371334.000000
1.845806 371330.000000
1.848990 371328.000000
1.852187 371326.000000
1.855345 371324.000000
1.858530 371322.000000
1.868094 371306.000000
1.896693 371292.000000
1.899884 371288.000000
1.903052 371244.000000
1.909446 371234.000000
1.925310 371198.000000
1.928465 371182.000000
1.931621 371098.000000
1.934804 371018.000000
1.937971 371006.000000
1.941157 371004.000000
1.944334 371002.000000
1.947510 371000.000000
1.950639 370928.000000
1.953796 370870.000000
1.957046 370864.000000
1.960305 370804.000000
1.963532 370780.000000
1.966722 370778.000000
1.969962 370776.000000
1.973173 370774.000000
2.002137 370744.000000
2.005336 370742.000000
2.008548 370736.000000
2.011731 370734.000000
2.742799 370140.000000
2.745991 369898.000000
2.749139 369804.000000
2.752377 368974.000000
2.755619 368702.000000
2.758789 368640.000000
2.761973 368602.000000
2.765141 368564.000000
2.768365 368528.000000
2.771559 368496.000000
2.774745 368472.000000
2.777960 368448.000000
2.781199 368424.000000
2.784383 368400.000000
2.787573 368376.000000
2.790745 368354.000000
2.793936 368332.000000
2.797155 368310.000000
2.800352 368290.000000
2.803525 368270.000000
2.806705 368250.000000
2.809936 368232.000000
2.813124 368214.000000
2.816328 368196.000000
2.819526 368180.000000
2.822712 368162.000000
2.825897 368148.000000
2.829099 368136.000000
2.832310 368098.000000
2.835516 368086.000000
2.838735 368074.000000
2.841926 368062.000000
2.845122 368050.000000
2.848309 368030.000000
2.851483 368018.000000
2.854689 368006.000000
2.857899 367996.000000
2.861091 367986.000000
2.864284 367976.000000
2.867473 367968.000000
2.870661 367962.000000
2.873850 367956.000000
2.877059 367952.000000
2.880202 367948.000000
2.883399 367944.000000
2.886604 367942.000000
2.889793 367940.000000
2.893011 367938.000000
2.909125 367934.000000
2.912317 367932.000000
2.937933 367928.000000
2.941095 367926.000000
2.944317 367924.000000
3.217955 367922.000000
3.221171 367764.000000
3.224373 367530.000000
3.227582 367466.000000
3.230766 367418.000000
3.233936 367396.000000
3.237129 367374.000000
3.240311 367356.000000
3.243533 367338.000000
3.246723 367320.000000
3.249893 367306.000000
3.253083 367294.000000
3.256295 367284.000000
3.259496 367274.000000
3.262705 367266.000000
3.265904 367260.000000
3.269078 367248.000000
3.272306 367242.000000
3.275501 367238.000000
3.278717 367236.000000
3.281927 367234.000000
3.285140 367232.000000
3.288384 367230.000000
3.310972 367154.000000
3.314177 366738.000000
3.317394 366680.000000
3.320582 366674.000000
3.323800 366670.000000
3.327005 366668.000000
3.333424 366658.000000
3.346296 366656.000000
3.349518 366652.000000
3.475142 366582.000000
3.478363 366378.000000
3.481562 365796.000000
3.484764 365576.000000
3.487970 365376.000000
3.491206 365252.000000
3.494416 365030.000000
3.497600 364910.000000
3.500787 364886.000000
3.504010 364862.000000
3.507219 364842.000000
3.510420 364830.000000
3.513646 364818.000000
3.516869 364808.000000
3.520053 364800.000000
3.523279 364794.000000
3.526528 364790.000000
3.536157 364776.000000
3.539328 364756.000000
3.542520 364664.000000
3.545727 364660.000000
3.548954 364658.000000
5.119353 364652.000000
5.122538 364604.000000
5.125740 364558.000000
5.128922 364516.000000
5.132097 364478.000000
5.135315 364440.000000
5.138504 364408.000000
5.141683 364378.000000
5.144875 364350.000000
5.148035 364324.000000
5.151255 364298.000000
5.154449 364274.000000
5.157639 364252.000000
5.160794 364230.000000
5.163985 364210.000000
5.167176 364190.000000
5.170411 364144.000000
5.173612 364114.000000
5.176826 364096.000000
5.180008 364078.000000
5.183199 364060.000000
5.186410 364042.000000
5.189636 364024.000000
5.192829 364008.000000
5.196018 363992.000000
5.199221 363976.000000
5.202406 363962.000000
5.205613 363950.000000
5.208822 363938.000000
5.212043 363926.000000
5.215245 363914.000000
5.218420 363894.000000
5.221613 363882.000000
5.224810 363870.000000
5.227989 363860.000000
5.231197 363850.000000
5.234401 363842.000000
5.237604 363832.000000
5.240809 363824.000000
5.243956 363818.000000
5.247127 363806.000000
5.250355 363800.000000
5.253563 363794.000000
5.256745 363790.000000
5.259918 363788.000000
5.263125 363786.000000
5.266350 363784.000000
5.295329 363778.000000
5.298520 363770.000000
5.301737 363768.000000
5.304955 363766.000000
5.308178 363764.000000
5.652763 363464.000000
5.655967 363380.000000
5.659139 363336.000000
5.662342 363294.000000
5.665535 363264.000000
5.668728 363240.000000
5.671968 363220.000000
5.675178 363200.000000
5.678422 363180.000000
5.681583 363168.000000
5.684797 363156.000000
5.688013 363146.000000
5.691237 363136.000000
5.694429 363130.000000
5.697622 363126.000000
5.700827 363122.000000
5.813508 363106.000000
5.816705 363094.000000
5.819905 363084.000000
5.823090 363074.000000
5.826294 363064.000000
5.829482 363056.000000
5.832691 363050.000000
5.835886 362968.000000
5.839053 362918.000000
5.842251 362890.000000
5.845473 362880.000000
5.848691 362876.000000
5.851910 362874.000000
5.971138 362314.000000
5.974352 362258.000000
5.977563 362220.000000
5.980758 362136.000000
5.983976 362112.000000
5.987166 362088.000000
5.990382 362068.000000
5.993566 362052.000000
5.996779 362028.000000
5.999996 362014.000000
6.003204 361986.000000
6.006406 361974.000000
6.009609 361962.000000
6.012806 361952.000000
6.016000 361802.000000
6.019210 361792.000000
6.022399 361782.000000
6.025608 361776.000000
6.028805 361772.000000
6.032036 361762.000000
6.035244 361758.000000
1800.002661 361758.000000
