# Time(s) ObjectiveValue
2.351483 81057460.000000
2.372343 81024386.000000
2.392867 80986206.000000
2.413626 80943888.000000
2.433778 80896758.000000
2.454363 80845106.000000
2.474617 80789302.000000
2.495232 80728772.000000
2.515831 80662040.000000
2.536352 80589906.000000
2.556003 80512258.000000
2.575557 80429266.000000
2.596360 80341468.000000
2.617069 80247834.000000
2.636621 80150210.000000
2.656501 80047512.000000
2.677177 79938216.000000
2.697783 79823596.000000
2.717935 79703434.000000
2.738459 79576816.000000
2.758896 79446262.000000
2.778919 79309652.000000
2.798769 79167914.000000
2.818491 79021456.000000
2.838722 78870676.000000
2.859375 78713366.000000
2.879941 78550948.000000
2.900332 78383440.000000
2.920794 78210124.000000
2.941116 78032224.000000
2.961743 77848694.000000
2.982210 77660406.000000
3.002716 77466514.000000
3.023277 77268116.000000
3.043813 77065030.000000
3.064460 76856152.000000
3.084513 76642428.000000
3.104864 76423090.000000
3.125340 76198036.000000
3.145071 75968060.000000
3.165061 75733090.000000
3.185536 75493224.000000
3.205659 75247448.000000
3.226126 74995602.000000
3.246904 74739232.000000
3.267281 74476646.000000
3.287746 74210878.000000
3.308221 73939470.000000
3.328039 73664172.000000
3.348404 73384002.000000
3.368208 73098634.000000
3.388533 72810238.000000
3.408780 72516536.000000
3.428533 72218758.000000
3.448733 71917888.000000
3.469092 71612484.000000
3.489452 71302756.000000
3.509810 70988524.000000
3.529226 70669188.000000
3.549570 70346140.000000
3.569914 70017688.000000
3.590171 69686762.000000
3.610482 69351818.000000
3.630862 69015980.000000
3.650888 68677208.000000
3.670948 68333876.000000
3.691140 67988782.000000
3.711155 67639232.000000
3.731097 67286742.000000
3.751132 66929688.000000
3.771296 66568484.000000
3.791391 66205054.000000
3.811103 65838196.000000
3.831035 65468296.000000
3.851035 65093986.000000
3.871119 64714750.000000
3.891139 64332396.000000
3.911119 63946186.000000
3.929977 63556616.000000
3.949533 63162102.000000
3.969466 62762546.000000
3.990038 62359336.000000
4.010112 61950636.000000
4.030347 61537968.000000
4.050538 61120744.000000
4.070504 60701704.000000
4.090207 60277106.000000
4.109736 59850144.000000
4.128832 59419170.000000
4.148651 58983424.000000
4.168224 58542624.000000
4.188176 58095754.000000
4.208063 57646420.000000
4.228019 57191726.000000
4.247418 56732452.000000
4.267306 56268862.000000
4.287083 55799998.000000
4.306637 55326164.000000
4.325968 54847282.000000
4.345681 54365410.000000
4.365388 53879662.000000
4.384062 53388664.000000
4.403335 52893784.000000
4.422682 52393228.000000
4.442390 51887914.000000
4.462330 51377220.000000
4.482141 50861048.000000
4.501836 50342914.000000
4.521249 49818886.000000
4.540578 49290290.000000
4.560466 48757186.000000
4.580202 48219886.000000
4.600038 47678496.000000
4.619257 47134044.000000
4.638769 46584384.000000
4.657428 46030054.000000
4.677201 45472080.000000
4.696521 44908766.000000
4.715902 44341738.000000
4.735594 43769412.000000
4.754806 43193410.000000
4.774443 42613274.000000
4.794087 42027020.000000
4.813977 41437016.000000
4.833601 40842512.000000
4.853040 40243764.000000
4.872549 39640156.000000
4.891556 39033104.000000
4.910424 38421500.000000
4.930139 37805540.000000
4.948798 37186170.000000
4.968649 36562438.000000
4.988202 35934496.000000
5.007944 35301598.000000
5.026581 34664570.000000
5.045249 34022794.000000
5.064987 33377180.000000
5.084296 32727992.000000
5.103940 32074142.000000
5.123438 31414794.000000
5.142507 30751424.000000
5.161700 30083434.000000
5.181114 29411226.000000
5.200270 28735178.000000
5.219582 28055552.000000
5.238514 27371032.000000
5.258031 26681300.000000
5.277641 25987602.000000
5.302888 25290732.000000
5.321948 24587910.000000
5.341004 23882000.000000
5.360233 23172098.000000
5.379340 22459098.000000
5.398359 21744690.000000
5.417422 21026742.000000
5.436562 20306954.000000
5.455802 19587348.000000
5.474729 18864938.000000
5.494093 18138706.000000
5.512686 17409296.000000
5.531624 16676516.000000
5.549940 15939076.000000
5.568830 15197810.000000
5.586902 14454028.000000
5.605524 13707788.000000
5.623442 12958264.000000
5.642394 12206120.000000
5.661335 11449912.000000
5.680387 10690292.000000
5.699370 9927160.000000
5.717671 9161660.000000
5.736181 8396206.000000
5.755183 7631680.000000
5.774149 6866336.000000
5.792952 6100894.000000
5.811934 5335132.000000
5.831187 4566314.000000
5.850149 3799562.000000
5.869161 3032214.000000
5.888270 2265992.000000
5.907530 1496820.000000
5.927056 1494904.000000
5.945550 1493138.000000
5.964829 1491372.000000
5.984151 1489636.000000
6.002206 1487996.000000
6.020670 1486248.000000
6.039611 1484584.000000
6.057860 1482944.000000
6.076313 1481386.000000
6.094894 1479850.000000
6.113883 1478328.000000
6.132792 1476814.000000
6.151271 1475334.000000
6.170171 1473858.000000
6.188550 1472378.000000
6.207498 1470912.000000
6.226400 1469262.000000
6.244812 1467800.000000
6.263458 1466346.000000
6.281954 1464894.000000
6.300012 1463240.000000
6.318570 1461726.000000
6.336741 1460268.000000
6.354778 1458820.000000
6.372908 1457416.000000
6.391904 1456024.000000
6.410771 1454552.000000
6.429633 1453096.000000
6.448467 1451702.000000
6.466507 1450212.000000
6.485254 1448828.000000
6.503956 1447470.000000
6.522827 1446122.000000
6.541206 1444776.000000
6.559748 1443442.000000
6.578606 1442110.000000
6.597276 1440264.000000
6.615961 1438936.000000
6.634385 1437622.000000
6.652936 1436316.000000
6.671604 1435018.000000
6.690205 1433720.000000
6.707899 1432424.000000
6.726528 1431132.000000
6.745126 1429682.000000
6.762789 1428316.000000
6.780886 1427034.000000
6.799509 1425770.000000
6.818005 1424512.000000
6.836574 1423210.000000
6.855080 1421960.000000
6.873205 1420706.000000
6.891761 1419468.000000
6.910461 1418230.000000
6.928072 1416994.000000
6.946497 1415766.000000
6.964964 1414540.000000
6.983336 1413214.000000
7.001821 1411778.000000
7.019595 1410386.000000
7.037991 1408804.000000
7.056018 1407528.000000
7.074301 1406318.000000
7.092703 1404968.000000
7.111110 1403758.000000
7.129487 1402500.000000
7.148061 1401290.000000
7.166239 1400088.000000
7.184795 1398896.000000
7.203259 1397714.000000
7.221645 1396418.000000
7.240153 1395254.000000
7.257835 1394100.000000
7.275948 1392960.000000
7.294401 1391824.000000
7.312303 1390524.000000
7.329975 1389390.000000
7.347308 1388204.000000
7.365666 1387076.000000
7.384128 1385914.000000
7.402462 1384752.000000
7.420973 1383616.000000
7.439016 1382512.000000
7.457429 1381430.000000
7.475606 1380236.000000
7.493800 1379100.000000
7.512483 1377958.000000
7.530577 1376892.000000
7.548225 1375782.000000
7.566776 1374722.000000
7.584548 1373668.000000
7.602910 1372614.000000
7.621146 1371562.000000
7.638446 1370276.000000
7.656580 1369140.000000
7.674900 1367966.000000
7.692869 1366766.000000
7.710435 1365698.000000
7.728652 1364642.000000
7.745828 1363238.000000
7.763328 1362102.000000
7.781683 1361010.000000
7.799914 1359918.000000
7.817324 1358844.000000
7.835652 1357798.000000
7.853848 1356772.000000
7.872125 1355750.000000
7.890383 1354724.000000
7.908585 1353576.000000
7.926668 1352554.000000
7.944968 1351400.000000
7.963487 1350298.000000
7.981830 1349160.000000
8.000171 1348084.000000
8.018400 1347008.000000
8.036316 1345972.000000
8.054652 1344870.000000
8.072906 1343536.000000
8.091042 1342276.000000
8.109421 1341208.000000
8.127571 1340174.000000
8.145869 1339080.000000
8.164099 1337970.000000
8.182641 1336954.000000
8.200912 1335920.000000
8.219085 1334848.000000
8.236564 1333838.000000
8.254942 1332808.000000
8.273303 1331432.000000
8.291614 1330388.000000
8.309367 1329398.000000
8.326967 1328310.000000
8.344496 1327328.000000
8.362000 1326338.000000
8.379829 1325350.000000
8.397217 1324130.000000
8.414626 1322766.000000
8.433003 1321086.000000
8.451561 1320046.000000
8.469989 1319048.000000
8.488220 1317862.000000
8.506008 1316874.000000
8.524135 1315882.000000
8.541928 1314528.000000
8.559199 1313430.000000
8.577566 1312368.000000
8.595340 1311374.000000
8.613241 1310388.000000
8.630848 1309366.000000
8.649086 1308366.000000
8.667192 1307384.000000
8.684856 1306264.000000
8.702780 1305008.000000
8.720626 1304030.000000
8.738457 1302756.000000
8.756492 1301594.000000
8.774333 1300546.000000
8.792563 1299570.000000
8.810723 1298588.000000
8.828875 1297650.000000
8.846394 1296644.000000
8.863715 1295726.000000
8.881969 1294822.000000
8.900224 1293878.000000
8.918455 1292798.000000
8.936812 1291662.000000
8.955059 1290636.000000
8.972433 1289684.000000
8.990441 1288704.000000
9.008495 1287788.000000
9.026622 1286834.000000
9.043747 1285784.000000
9.062162 1284600.000000
9.080489 1283560.000000
9.098715 1282478.000000
9.116805 1281498.000000
9.134688 1280288.000000
9.152146 1279306.000000
9.169833 1278400.000000
9.187916 1277508.000000
9.206085 1276616.000000
9.223664 1275726.000000
9.241902 1274836.000000
9.259451 1273946.000000
9.277052 1272916.000000
9.294357 1272032.000000
9.312450 1271178.000000
9.329852 1270334.000000
9.348019 1269488.000000
9.366305 1268650.000000
9.384253 1267814.000000
9.402365 1266838.000000
9.420594 1265852.000000
9.438048 1265006.000000
9.456225 1263930.000000
9.474741 1262904.000000
9.492473 1261802.000000
9.510550 1260972.000000
9.528235 1260012.000000
9.546432 1259014.000000
9.564552 1258182.000000
9.582808 1257326.000000
9.600503 1256494.000000
9.618717 1255588.000000
9.636771 1254546.000000
9.654802 1253464.000000
9.673003 1252378.000000
9.690224 1251478.000000
9.708349 1250440.000000
9.726586 1249458.000000
9.744771 1248496.000000
9.762125 1247622.000000
9.780186 1246796.000000
9.798064 1245974.000000
9.816054 1245162.000000
9.834164 1244324.000000
9.852250 1243512.000000
9.870320 1242584.000000
9.888435 1241418.000000
9.906540 1240498.000000
9.924718 1239486.000000
9.942314 1238482.000000
9.960477 1237072.000000
9.977952 1235730.000000
9.995830 1234780.000000
10.013884 1233866.000000
10.032258 1233014.000000
10.050357 1231938.000000
10.068747 1231072.000000
10.086211 1229848.000000
10.103960 1229034.000000
10.121540 1228226.000000
10.139618 1227226.000000
10.157572 1226406.000000
10.175552 1225598.000000
10.193682 1224780.000000
10.211411 1223978.000000
10.229127 1223180.000000
10.246792 1222090.000000
10.264650 1221152.000000
10.282120 1220190.000000
10.300005 1219252.000000
10.318116 1218366.000000
10.336288 1217528.000000
10.353857 1216714.000000
10.371974 1215790.000000
10.390040 1214968.000000
10.408348 1214106.000000
10.426588 1213268.000000
10.445819 1212366.000000
10.463956 1211464.000000
10.481635 1210574.000000
10.500302 1209764.000000
10.518600 1208958.000000
10.536458 1208092.000000
10.554808 1207196.000000
10.572207 1206344.000000
10.590069 1205366.000000
10.607983 1204430.000000
10.625943 1203492.000000
10.643464 1202532.000000
10.660885 1201614.000000
10.678943 1200662.000000
10.696629 1199782.000000
10.714586 1198950.000000
10.732384 1197724.000000
10.750408 1196786.000000
10.767995 1195286.000000
10.785976 1193886.000000
10.803771 1192462.000000
10.821201 1191390.000000
10.839286 1190458.000000
10.856619 1189502.000000
10.874726 1188174.000000
10.892415 1187308.000000
10.909947 1186260.000000
10.927328 1185300.000000
10.945172 1184308.000000
10.963656 1183458.000000
10.981869 1182642.000000
10.999209 1181834.000000
11.016611 1181036.000000
11.034626 1180238.000000
11.052264 1179444.000000
11.070503 1178628.000000
11.088493 1177812.000000
11.105749 1177010.000000
11.123737 1176218.000000
11.141288 1175402.000000
11.159263 1174588.000000
11.177360 1173630.000000
11.194720 1172814.000000
11.212795 1171904.000000
11.230098 1170784.000000
11.247797 1169912.000000
11.265194 1169092.000000
11.283271 1168254.000000
11.300579 1167446.000000
11.318335 1166358.000000
11.336090 1165394.000000
11.353591 1164492.000000
11.371367 1163706.000000
11.389445 1162932.000000
11.407584 1162160.000000
11.425686 1161064.000000
11.443597 1160248.000000
11.461342 1159476.000000
11.479814 1158698.000000
11.498088 1157832.000000
11.516114 1157066.000000
11.533717 1156230.000000
11.551688 1155400.000000
11.570144 1154570.000000
11.588394 1153386.000000
11.605775 1152270.000000
11.623648 1151472.000000
11.641772 1150706.000000
11.659461 1149942.000000
11.677639 1149196.000000
11.695742 1148440.000000
11.713204 1147696.000000
11.730620 1145824.000000
11.748376 1144890.000000
11.766404 1144132.000000
11.784459 1143342.000000
11.802587 1142546.000000
11.819796 1141806.000000
11.837895 1141082.000000
11.856064 1140354.000000
11.874123 1139636.000000
11.892102 1138832.000000
11.909986 1138046.000000
11.927446 1137330.000000
11.945326 1136630.000000
11.962954 1135934.000000
11.980558 1135216.000000
11.997968 1134452.000000
12.015030 1133724.000000
12.033180 1132826.000000
12.051397 1132136.000000
12.068769 1131418.000000
12.086995 1130726.000000
12.104629 1130040.000000
12.122719 1129270.000000
12.140894 1128116.000000
12.158449 1127334.000000
12.176221 1126478.000000
12.194373 1125738.000000
12.212506 1125004.000000
12.229954 1124186.000000
12.247838 1123504.000000
12.265920 1122824.000000
12.283796 1121518.000000
12.301220 1120846.000000
12.319292 1120190.000000
12.337198 1119544.000000
12.355343 1118748.000000
12.373071 1117608.000000
12.390742 1116624.000000
12.408553 1115982.000000
12.426327 1115322.000000
12.443986 1114626.000000
12.461436 1113814.000000
12.478198 1113182.000000
12.496174 1112558.000000
12.513986 1111942.000000
12.531581 1111328.000000
12.549705 1110660.000000
12.567633 1110050.000000
12.585011 1109442.000000
12.603121 1108834.000000
12.621090 1108242.000000
12.638833 1106974.000000
12.657065 1106260.000000
12.675069 1105578.000000
12.693130 1104834.000000
12.711076 1104202.000000
12.729128 1103474.000000
12.746229 1102882.000000
12.763972 1102240.000000
12.781580 1101650.000000
12.799723 1100806.000000
12.817179 1099852.000000
12.835062 1099160.000000
12.852503 1098566.000000
12.870128 1097792.000000
12.888198 1096946.000000
12.906178 1096358.000000
12.923684 1095688.000000
12.941588 1095026.000000
12.958856 1094150.000000
12.976228 1093386.000000
12.994337 1092784.000000
13.012114 1092148.000000
13.029805 1091560.000000
13.047776 1090976.000000
13.065942 1090258.000000
13.084086 1089690.000000
13.101920 1089122.000000
13.119478 1088556.000000
13.137192 1087702.000000
13.154684 1086796.000000
13.172217 1086226.000000
13.190481 1085462.000000
13.208163 1084624.000000
13.226239 1083932.000000
13.244340 1083368.000000
13.262512 1082398.000000
13.280289 1081836.000000
13.298428 1080606.000000
13.315959 1079754.000000
13.333590 1078956.000000
13.351429 1078344.000000
13.369520 1077750.000000
13.387076 1077190.000000
13.405085 1076420.000000
13.422538 1075838.000000
13.439555 1075116.000000
13.457744 1074478.000000
13.476291 1073242.000000
13.494316 1072360.000000
13.512303 1071650.000000
13.530290 1070878.000000
13.548469 1070286.000000
13.566602 1069730.000000
13.584268 1069188.000000
13.602203 1068224.000000
13.620464 1067682.000000
13.637820 1067006.000000
13.654800 1066468.000000
13.672955 1065936.000000
13.690970 1065418.000000
13.708979 1064482.000000
13.726458 1063964.000000
13.744695 1063452.000000
13.763148 1062950.000000
13.781211 1062454.000000
13.799097 1061960.000000
13.816841 1061430.000000
13.834941 1060950.000000
13.852456 1060476.000000
13.870355 1060012.000000
13.888423 1059552.000000
13.906551 1059096.000000
13.924005 1058644.000000
13.941954 1058200.000000
13.959961 1057772.000000
13.978049 1057194.000000
13.995925 1056514.000000
14.014061 1055784.000000
14.032301 1055322.000000
14.050483 1054896.000000
14.068644 1054386.000000
14.086548 1053962.000000
14.104551 1053304.000000
14.122154 1052644.000000
14.140160 1051944.000000
14.157625 1051420.000000
14.175665 1050950.000000
14.193755 1050482.000000
14.211749 1049950.000000
14.229725 1049254.000000
14.247887 1048766.000000
14.265787 1048222.000000
14.283865 1047654.000000
14.301859 1046944.000000
14.319361 1046040.000000
14.336606 1045268.000000
14.354545 1044734.000000
14.372123 1044236.000000
14.390038 1043584.000000
14.408065 1043030.000000
14.426205 1042556.000000
14.444366 1041894.000000
14.462382 1041482.000000
14.480248 1041006.000000
14.498331 1040282.000000
14.516402 1039644.000000
14.534548 1038944.000000
14.552377 1038294.000000
14.570375 1037734.000000
14.588445 1037216.000000
14.605673 1036644.000000
14.623893 1036140.000000
14.641085 1035150.000000
14.658843 1034206.000000
14.676775 1033512.000000
14.694567 1032810.000000
14.711952 1032326.000000
14.729785 1031886.000000
14.747779 1031368.000000
14.765025 1030716.000000
14.783028 1030308.000000
14.801064 1029424.000000
14.818923 1028288.000000
14.836787 1027882.000000
14.854966 1027482.000000
14.873004 1026794.000000
14.890545 1026404.000000
14.908550 1026024.000000
14.926495 1025500.000000
14.944591 1024804.000000
14.961783 1024274.000000
14.979494 1023822.000000
14.996995 1023224.000000
15.015273 1022726.000000
15.033504 1022258.000000
15.051841 1021706.000000
15.070009 1021162.000000
15.088249 1020566.000000
15.106479 1020066.000000
15.124439 1019382.000000
15.142102 1018558.000000
15.159881 1018064.000000
15.177502 1017530.000000
15.194979 1017022.000000
15.212543 1016498.000000
15.230047 1016090.000000
15.248318 1015516.000000
15.266546 1015032.000000
15.284769 1014578.000000
15.302624 1013914.000000
15.320488 1012612.000000
15.338693 1011590.000000
15.356389 1010944.000000
15.374618 1010322.000000
15.392161 1009644.000000
15.410426 1009080.000000
15.428692 1008536.000000
15.446513 1008150.000000
15.464756 1007772.000000
15.481795 1007328.000000
15.500120 1006828.000000
15.517377 1006458.000000
15.535696 1006092.000000
15.553995 1005466.000000
15.572529 1004968.000000
15.591598 1004398.000000
15.609388 1004026.000000
15.626501 1003658.000000
15.644780 1003220.000000
15.662640 1002818.000000
15.680943 1002168.000000
15.699217 1001788.000000
15.717274 1001422.000000
15.735031 1001062.000000
15.752651 1000070.000000
15.770868 999722.000000
15.788146 999038.000000
15.806159 998692.000000
15.823853 998050.000000
15.841613 997520.000000
15.859849 996888.000000
15.878113 995980.000000
15.896443 995168.000000
15.914798 994616.000000
15.933207 994278.000000
15.951486 993836.000000
15.968662 993084.000000
15.986352 992748.000000
16.004499 992418.000000
16.022911 992102.000000
16.040601 991758.000000
16.058174 991436.000000
16.076348 991142.000000
16.094471 990634.000000
16.112032 989554.000000
16.129538 988760.000000
16.147482 987848.000000
16.165739 987556.000000
16.183957 987244.000000
16.202116 986960.000000
16.220337 986676.000000
16.238597 986328.000000
16.256743 985656.000000
16.274942 985110.000000
16.293158 984738.000000
16.311322 984258.000000
16.329473 983898.000000
16.347683 983222.000000
16.365984 982446.000000
16.383762 982108.000000
16.401374 981776.000000
16.419635 981248.000000
16.437967 980362.000000
16.456059 979940.000000
16.474095 979604.000000
16.492389 979286.000000
16.510318 978976.000000
16.528415 978394.000000
16.546816 978112.000000
16.564728 977848.000000
16.582694 977594.000000
16.600562 977344.000000
16.618445 977100.000000
16.636359 976856.000000
16.654157 976440.000000
16.672430 975700.000000
16.689993 975388.000000
16.707510 974854.000000
16.725694 974278.000000
16.743883 973878.000000
16.762129 973562.000000
16.779482 973056.000000
16.797051 972416.000000
16.815389 971922.000000
16.833538 971366.000000
16.851766 970970.000000
16.869965 970538.000000
16.887679 969686.000000
16.905456 968844.000000
16.923734 968498.000000
16.942117 967700.000000
16.960427 967236.000000
16.978365 966758.000000
16.995455 966408.000000
17.013484 966116.000000
17.031836 965708.000000
17.049866 965420.000000
17.067247 965188.000000
17.084645 964960.000000
17.102785 964748.000000
17.121199 964536.000000
17.139329 964324.000000
17.157500 964068.000000
17.175196 963840.000000
17.192666 963548.000000
17.210378 963334.000000
17.228130 962986.000000
17.246299 962774.000000
17.263521 962564.000000
17.281598 962360.000000
17.299712 962164.000000
17.318002 961976.000000
17.336262 961788.000000
17.354164 961606.000000
17.372123 961426.000000
17.390396 961246.000000
17.408581 961068.000000
17.426159 960892.000000
17.443523 960720.000000
17.461806 960548.000000
17.479836 959800.000000
17.498263 959632.000000
17.516485 959464.000000
17.534824 959092.000000
17.553136 958454.000000
17.571234 958288.000000
17.589548 958122.000000
17.607705 957956.000000
17.625138 957792.000000
17.644487 957628.000000
17.663579 957466.000000
17.680927 957284.000000
17.698234 957124.000000
17.716077 956952.000000
17.734410 956794.000000
17.752673 956366.000000
17.770788 955918.000000
17.788860 955644.000000
17.806914 955276.000000
17.824973 954944.000000
17.843000 954624.000000
17.861169 954404.000000
17.879245 954204.000000
17.897060 954014.000000
17.914490 953828.000000
17.932699 953114.000000
17.950898 952668.000000
17.969096 952246.000000
17.987360 952014.000000
18.005176 951856.000000
18.023261 951700.000000
18.040967 951406.000000
18.059096 951248.000000
18.077100 951098.000000
18.095615 950948.000000
18.113710 950758.000000
18.131612 950608.000000
18.150076 950464.000000
18.169214 950274.000000
18.187446 950120.000000
18.204945 949978.000000
18.223089 949836.000000
18.241338 949694.000000
18.259155 949556.000000
18.277295 949418.000000
18.295116 949280.000000
18.312585 949146.000000
18.330585 949014.000000
18.348786 948884.000000
18.366835 948758.000000
18.384534 948634.000000
18.402442 948512.000000
18.420559 948392.000000
18.438684 948208.000000
18.456829 948088.000000
18.474679 947968.000000
18.492413 947850.000000
18.510594 947732.000000
18.528677 947614.000000
18.546730 947496.000000
18.564745 947378.000000
18.582517 947254.000000
18.600385 947138.000000
18.618532 946502.000000
18.635709 946110.000000
18.653217 945672.000000
18.671514 945318.000000
18.689355 945016.000000
18.707179 944120.000000
18.724608 943772.000000
18.742420 943454.000000
18.760547 942506.000000
18.778837 941572.000000
18.796146 940644.000000
18.813849 940144.000000
18.831920 939676.000000
18.849540 939048.000000
18.867245 938764.000000
18.884918 938504.000000
18.902401 938308.000000
18.920411 938132.000000
18.938107 937990.000000
18.955291 937762.000000
18.973397 936934.000000
18.991354 936802.000000
19.009322 936674.000000
19.027438 936554.000000
19.045394 936434.000000
19.062549 935472.000000
19.080837 935250.000000
19.098642 935134.000000
19.116471 935018.000000
19.133582 934904.000000
19.151141 934782.000000
19.169388 934668.000000
19.186852 934556.000000
19.204885 934450.000000
19.223178 934338.000000
19.241391 934232.000000
19.259573 934126.000000
19.277716 934020.000000
19.295726 933916.000000
19.313992 933812.000000
19.332206 933708.000000
19.350455 933608.000000
19.367582 933510.000000
19.385718 933414.000000
19.403423 933320.000000
19.421187 933226.000000
19.438808 933134.000000
19.457090 933042.000000
19.475485 932950.000000
19.493520 932860.000000
19.511590 932772.000000
19.529770 932684.000000
19.547616 932598.000000
19.565876 932512.000000
19.584342 932426.000000
19.602705 932258.000000
19.620587 932174.000000
19.638720 932090.000000
19.656822 932006.000000
19.674880 931922.000000
19.692830 931838.000000
19.710705 931754.000000
19.728500 931674.000000
19.746641 931596.000000
19.764614 931518.000000
19.782696 931440.000000
19.800809 931362.000000
19.818584 931254.000000
19.836722 930204.000000
19.853631 930128.000000
19.871653 930054.000000
19.889881 929982.000000
19.907986 929912.000000
19.926222 929842.000000
19.944411 929772.000000
19.962374 929702.000000
19.979967 929632.000000
19.997192 929564.000000
20.014694 929496.000000
20.032227 929430.000000
20.050249 929364.000000
20.068077 929300.000000
20.086504 929236.000000
20.104838 929172.000000
20.122304 929110.000000
20.140950 929050.000000
20.159144 928990.000000
20.177473 928932.000000
20.195497 928876.000000
20.213778 928820.000000
20.232039 928764.000000
20.250323 928708.000000
20.268423 928652.000000
20.286454 928272.000000
20.304662 927960.000000
20.322867 927778.000000
20.341017 927594.000000
20.359152 927478.000000
20.377328 927388.000000
20.395498 927296.000000
20.413737 927208.000000
20.431705 927100.000000
20.449731 926660.000000
20.467528 926318.000000
20.485488 925876.000000
20.503382 925556.000000
20.521162 925204.000000
20.538424 925026.000000
20.555618 924824.000000
20.573190 924408.000000
20.591419 924272.000000
20.608529 924142.000000
20.626608 923874.000000
20.644678 923578.000000
20.662046 922352.000000
20.680169 921944.000000
20.698109 921616.000000
20.716120 921346.000000
20.733133 920738.000000
20.750875 919888.000000
20.768323 919330.000000
20.785929 919004.000000
20.803688 918812.000000
20.821717 918134.000000
20.839515 917608.000000
20.856843 917272.000000
20.874781 916294.000000
20.892273 916094.000000
20.910171 915580.000000
20.928217 915136.000000
20.946419 914886.000000
20.964376 914644.000000
20.982457 914340.000000
21.000552 913886.000000
21.017992 913700.000000
21.035481 913522.000000
21.053279 913354.000000
21.071296 913188.000000
21.089303 913052.000000
21.107465 912924.000000
21.125751 912798.000000
21.143666 912676.000000
21.161107 912394.000000
21.178637 912154.000000
21.196403 911930.000000
21.214264 911800.000000
21.231833 911692.000000
21.249939 911506.000000
21.267972 911396.000000
21.286273 910630.000000
21.303960 910296.000000
21.321953 910102.000000
21.340043 910012.000000
21.357449 909930.000000
21.375385 909858.000000
21.393397 909786.000000
21.411413 909720.000000
21.429594 909662.000000
21.447698 909606.000000
21.465207 909552.000000
21.483298 909498.000000
21.500355 909412.000000
21.518407 909360.000000
21.536306 909310.000000
21.554289 909262.000000
21.572460 909214.000000
21.590121 909168.000000
21.608190 909122.000000
21.626180 909076.000000
21.643599 909032.000000
21.661892 908988.000000
21.680005 908946.000000
21.698132 908904.000000
21.715895 908862.000000
21.732920 908822.000000
21.751020 908782.000000
21.769173 908742.000000
21.787171 908702.000000
21.805314 908662.000000
21.823371 908622.000000
21.840688 908584.000000
21.858616 908546.000000
21.876744 908508.000000
21.894295 908470.000000
21.911393 908434.000000
21.929515 908398.000000
21.947555 908358.000000
21.965395 908322.000000
21.983449 908248.000000
22.001598 908212.000000
22.019533 908178.000000
22.037739 908144.000000
22.055625 908110.000000
22.073560 908074.000000
22.091358 908040.000000
22.109176 908006.000000
22.127224 907962.000000
22.145317 907922.000000
22.163511 907878.000000
22.181577 907844.000000
22.198658 907812.000000
22.216540 907782.000000
22.234574 907752.000000
22.252534 907712.000000
22.269884 907682.000000
22.287696 907646.000000
22.305340 907616.000000
22.323167 907586.000000
22.340734 907536.000000
22.358389 907506.000000
22.375798 907478.000000
22.393857 907450.000000
22.411902 907398.000000
22.429252 907338.000000
22.446653 907278.000000
22.464233 907250.000000
22.482284 907210.000000
22.499838 907182.000000
22.518040 907154.000000
22.536072 907126.000000
22.553668 907098.000000
22.571015 907070.000000
22.589445 907012.000000
22.607198 906986.000000
22.625373 906960.000000
22.643323 906936.000000
22.661325 906912.000000
22.679101 906888.000000
22.697129 906864.000000
22.714844 906840.000000
22.732618 906816.000000
22.750108 906792.000000
22.767218 906770.000000
22.785223 906748.000000
22.803305 906726.000000
22.821439 906678.000000
22.839462 906656.000000
22.857091 906566.000000
22.874114 906544.000000
22.891661 906524.000000
22.909813 906506.000000
22.928062 906488.000000
22.946136 906470.000000
22.964133 906444.000000
22.982147 906422.000000
22.999563 906404.000000
23.017520 906356.000000
23.035642 906338.000000
23.053345 906274.000000
23.071052 906256.000000
23.088692 906218.000000
23.106887 905890.000000
23.124579 905472.000000
23.142510 905314.000000
23.161130 905198.000000
23.179447 905088.000000
23.197592 905022.000000
23.215402 904998.000000
23.233569 904932.000000
23.251059 904914.000000
23.268491 904896.000000
23.285739 904878.000000
23.302928 904862.000000
23.321056 904846.000000
23.339180 904830.000000
23.357161 904814.000000
23.374870 904800.000000
23.392968 904752.000000
23.410978 904734.000000
23.429003 904720.000000
23.447188 904708.000000
23.465126 904696.000000
23.482663 904636.000000
23.500690 904602.000000
23.518716 904590.000000
23.536046 904578.000000
23.553266 904568.000000
23.571210 904560.000000
23.589576 904552.000000
23.607880 904526.000000
23.626092 904514.000000
23.644006 904506.000000
23.661850 904500.000000
23.680210 904478.000000
23.698704 904406.000000
23.716097 904400.000000
23.734070 904394.000000
23.751278 904388.000000
23.768485 904384.000000
23.786559 904338.000000
23.804429 904334.000000
23.822567 904330.000000
23.840679 904326.000000
23.857590 904324.000000
23.875729 904322.000000
23.893717 904256.000000
23.911842 904254.000000
23.929623 904230.000000
23.947520 904216.000000
23.965616 904160.000000
23.982769 904148.000000
24.001051 904146.000000
24.036740 904124.000000
24.054786 904102.000000
24.091117 904068.000000
24.108673 903892.000000
24.126801 903844.000000
24.163130 903824.000000
24.200091 903822.000000
24.236359 903774.000000
24.306624 903706.000000
24.341132 903690.000000
24.413535 903672.000000
24.430717 903670.000000
24.448917 903668.000000
24.557114 903666.000000
24.575410 903664.000000
24.719836 903656.000000
24.738002 903652.000000
24.756095 903648.000000
24.774322 903646.000000
24.827706 903632.000000
24.845744 903628.000000
24.917897 903556.000000
24.936080 903552.000000
24.954602 903548.000000
25.043330 903534.000000
25.061444 903530.000000
25.079218 903526.000000
25.585343 903466.000000
25.603416 903458.000000
25.621907 903450.000000
25.640276 903442.000000
25.658773 903434.000000
25.677205 903428.000000
25.695714 903422.000000
25.714169 903416.000000
25.732686 903410.000000
25.751108 903404.000000
25.769416 903400.000000
25.788078 903396.000000
25.806567 903390.000000
25.825138 903386.000000
25.843041 903384.000000
25.916753 903378.000000
25.935369 903372.000000
25.953826 903366.000000
26.045077 903344.000000
26.063557 903326.000000
26.081912 903284.000000
26.100645 903276.000000
26.118578 903268.000000
26.633559 903210.000000
26.651897 903198.000000
26.670421 903186.000000
26.688950 903174.000000
26.707318 903164.000000
26.725530 903154.000000
26.743449 903146.000000
26.762059 903138.000000
26.779744 903132.000000
26.798097 903126.000000
26.816102 903120.000000
26.834024 903116.000000
26.852846 903112.000000
26.871428 903108.000000
30.055524 903082.000000
30.072779 903052.000000
30.091183 903032.000000
30.109642 903012.000000
30.128303 902992.000000
30.147126 902972.000000
30.165546 902952.000000
30.183054 902934.000000
30.201450 902916.000000
30.219741 902898.000000
30.237401 902880.000000
30.254519 902864.000000
30.272252 902848.000000
30.289674 902834.000000
30.307773 902822.000000
30.325889 902810.000000
30.344016 902798.000000
30.361740 902778.000000
30.378903 902768.000000
30.396838 902758.000000
30.414482 902748.000000
30.431904 902740.000000
30.449486 902732.000000
30.466360 902726.000000
30.484593 902714.000000
30.502663 902708.000000
30.520613 902702.000000
30.538477 902696.000000
30.555991 902682.000000
30.573570 902678.000000
30.591853 902676.000000
30.609837 902658.000000
30.682956 902624.000000
30.700803 902598.000000
30.719348 902586.000000
30.737885 902584.000000
30.756343 902582.000000
30.792984 902570.000000
30.811027 902544.000000
30.938884 902542.000000
30.956990 902524.000000
30.975257 902502.000000
30.992637 902494.000000
31.010738 902488.000000
31.028587 902484.000000
31.046780 902482.000000
31.065036 902480.000000
31.227474 902460.000000
31.245716 902450.000000
31.263693 902442.000000
31.281949 902434.000000
31.299577 902432.000000
31.317753 902430.000000
108.238525 902052.000000
108.257078 901926.000000
108.275436 901830.000000
108.293788 901736.000000
108.311877 901648.000000
108.329962 901560.000000
108.347747 901480.000000
108.366115 901422.000000
108.384656 901366.000000
108.402993 901310.000000
108.420554 901260.000000
108.438885 901212.000000
108.457544 901164.000000
108.476140 901116.000000
108.494550 901068.000000
108.512868 901024.000000
108.531193 900980.000000
108.549215 900936.000000
108.566697 900894.000000
108.584344 900854.000000
108.601698 900802.000000
108.619760 900762.000000
108.637093 900724.000000
108.655394 900686.000000
108.673628 900648.000000
108.691860 900574.000000
108.709732 900536.000000
108.727590 900500.000000
108.745982 900466.000000
108.764377 900424.000000
108.782607 900390.000000
108.800954 900356.000000
108.819023 900322.000000
108.836822 900288.000000
108.854794 900256.000000
108.873136 900224.000000
108.891586 900192.000000
108.909868 900160.000000
108.927727 900128.000000
108.945656 900098.000000
108.964290 900064.000000
108.981876 900034.000000
109.000206 899970.000000
109.018503 899940.000000
109.036745 899910.000000
109.054959 899882.000000
109.073375 899848.000000
109.091930 899820.000000
109.110242 899792.000000
109.128403 899764.000000
109.146411 899736.000000
109.164662 899708.000000
109.182424 899680.000000
109.200087 899652.000000
109.217534 899626.000000
109.235852 899600.000000
109.254136 899574.000000
109.272608 899548.000000
109.290820 899522.000000
109.308947 899496.000000
109.326496 899472.000000
109.345155 899448.000000
109.363342 899426.000000
109.381671 899398.000000
109.399858 899376.000000
109.418329 899350.000000
109.436828 899330.000000
109.455466 899310.000000
109.473587 899228.000000
109.491912 899208.000000
109.509902 899188.000000
109.527773 899170.000000
109.546182 899152.000000
109.564495 899134.000000
109.582767 899116.000000
109.600472 899098.000000
109.617812 899080.000000
109.635578 899064.000000
109.654395 899048.000000
109.672738 899018.000000
109.691189 899002.000000
109.709596 898984.000000
109.727968 898962.000000
109.745708 898946.000000
109.764111 898930.000000
109.782269 898914.000000
109.800417 898898.000000
109.818687 898884.000000
109.836989 898870.000000
109.855283 898858.000000
109.873587 898846.000000
109.891842 898834.000000
109.910209 898822.000000
109.927802 898812.000000
109.946089 898802.000000
109.964105 898794.000000
109.982517 898786.000000
109.999813 898780.000000
110.018185 898774.000000
110.036349 898768.000000
110.054250 898764.000000
110.072550 898754.000000
110.090022 898750.000000
110.108230 898746.000000
110.126152 898742.000000
110.144129 898738.000000
110.161532 898736.000000
110.179989 898734.000000
110.198419 898732.000000
110.216898 898730.000000
110.234909 898728.000000
110.252808 898704.000000
110.270788 898702.000000
110.289955 898690.000000
110.360362 898656.000000
155.515543 898598.000000
155.533572 898464.000000
155.551905 898374.000000
155.570284 898300.000000
155.588633 898226.000000
155.607200 898158.000000
155.625326 898092.000000
155.643701 898026.000000
155.661734 897966.000000
155.679332 897908.000000
155.697253 897826.000000
155.715523 897770.000000
155.733882 897714.000000
155.751994 897658.000000
155.769960 897602.000000
155.787696 897548.000000
155.806110 897496.000000
155.824404 897448.000000
155.842622 897400.000000
155.860409 897354.000000
155.878670 897308.000000
155.896872 897262.000000
155.914477 897218.000000
155.932719 897174.000000
155.950924 897130.000000
155.968973 897088.000000
155.987131 897046.000000
156.005151 897004.000000
156.022479 896964.000000
156.040772 896924.000000
156.058899 896886.000000
156.076442 896852.000000
156.094715 896818.000000
156.112672 896780.000000
156.130641 896748.000000
156.148770 896716.000000
156.167038 896684.000000
156.185262 896654.000000
156.203538 896624.000000
156.221851 896594.000000
156.240104 896564.000000
156.258315 896534.000000
156.276074 896506.000000
156.294221 896478.000000
156.311514 896452.000000
156.329865 896426.000000
156.348205 896402.000000
156.366616 896378.000000
156.384795 896354.000000
156.402753 896310.000000
156.420699 896286.000000
156.438569 896264.000000
156.456803 896242.000000
156.475056 896220.000000
156.492908 896198.000000
156.510500 896172.000000
156.528275 896150.000000
156.545756 896130.000000
156.564060 896110.000000
156.582147 896092.000000
156.600261 896074.000000
156.617802 896018.000000
156.636098 896002.000000
156.654426 895986.000000
156.672675 895968.000000
156.690439 895948.000000
156.708635 895932.000000
156.726186 895918.000000
156.744566 895904.000000
156.762584 895890.000000
156.780122 895878.000000
156.798455 895866.000000
156.816691 895854.000000
156.835115 895814.000000
156.853518 895802.000000
156.871906 895790.000000
156.890228 895766.000000
156.908504 895754.000000
156.926738 895742.000000
156.944731 895730.000000
156.962499 895698.000000
156.979693 895688.000000
156.997941 895678.000000
157.015530 895670.000000
157.033598 895628.000000
157.051842 895620.000000
157.070189 895614.000000
157.088489 895608.000000
157.106543 895594.000000
157.124923 895588.000000
157.143081 895582.000000
157.161175 895576.000000
157.179106 895540.000000
157.196701 895534.000000
157.214453 895530.000000
157.232724 895486.000000
157.250984 895482.000000
157.269372 895440.000000
157.287812 895436.000000
157.305786 895432.000000
157.322935 895430.000000
157.341376 895428.000000
157.359710 895396.000000
157.378062 895372.000000
157.396281 895352.000000
157.414719 895350.000000
157.432917 895312.000000
157.451149 895310.000000
157.469511 895308.000000
157.487639 895242.000000
157.505925 895240.000000
157.524007 895238.000000
157.541966 895236.000000
328.244722 893850.000000
328.262239 893704.000000
328.280131 893582.000000
328.297796 893478.000000
328.315907 893382.000000
328.333923 893290.000000
328.351806 893190.000000
328.369847 893100.000000
328.387441 893010.000000
328.405540 892936.000000
328.423659 892864.000000
328.441638 892792.000000
328.458698 892724.000000
328.476764 892658.000000
328.494699 892596.000000
328.512586 892544.000000
328.530644 892444.000000
328.548694 892392.000000
328.566775 892340.000000
328.584775 892290.000000
328.602710 892244.000000
328.620728 892198.000000
328.638591 892152.000000
328.656064 892108.000000
328.674115 892066.000000
328.691996 892024.000000
328.709514 891984.000000
328.727561 891944.000000
328.745374 891906.000000
328.763445 891870.000000
328.781481 891834.000000
328.798606 891800.000000
328.816625 891766.000000
328.834718 891732.000000
328.852582 891698.000000
328.870046 891664.000000
328.887370 891600.000000
328.905306 891568.000000
328.923277 891536.000000
328.940563 891506.000000
328.958495 891478.000000
328.976534 891452.000000
328.994584 891426.000000
329.012627 891404.000000
329.030347 891384.000000
329.047433 891364.000000
329.064321 891346.000000
329.082289 891322.000000
329.100305 891298.000000
329.117726 891280.000000
329.135470 891250.000000
329.153344 891228.000000
329.170862 891212.000000
329.188876 891180.000000
329.206382 891164.000000
329.224356 891148.000000
329.242127 891132.000000
329.259784 891116.000000
329.277133 891100.000000
329.294158 891086.000000
329.312221 891072.000000
329.330292 891058.000000
329.348383 891044.000000
329.366366 891014.000000
329.384355 891000.000000
329.402046 890968.000000
329.420208 890956.000000
329.438274 890944.000000
329.456384 890932.000000
329.474070 890868.000000
329.491708 890836.000000
329.509062 890826.000000
329.527201 890816.000000
329.545314 890806.000000
329.562196 890762.000000
329.580137 890754.000000
329.598164 890746.000000
329.616169 890716.000000
329.634046 890694.000000
329.651399 890688.000000
329.669484 890682.000000
329.687335 890676.000000
329.705094 890670.000000
329.722305 890666.000000
329.740369 890662.000000
329.758329 890658.000000
329.775936 890654.000000
329.793428 890652.000000
329.811485 890650.000000
329.829594 890630.000000
329.847302 890628.000000
329.865398 890590.000000
329.883385 890588.000000
329.901218 890570.000000
329.918748 890568.000000
329.936394 890566.000000
330.169026 890490.000000
330.186992 890484.000000
330.204932 890478.000000
330.222661 890474.000000
330.240165 890472.000000
330.258355 890470.000000
330.509408 890432.000000
330.527546 890364.000000
330.545428 890348.000000
330.563535 890334.000000
330.581160 890322.000000
330.599321 890312.000000
330.616328 890306.000000
330.634049 890300.000000
330.651276 890298.000000
330.669424 890296.000000
330.992068 890276.000000
331.009710 890234.000000
331.027414 890208.000000
331.045337 890190.000000
331.063370 890172.000000
331.081379 890158.000000
331.099486 890150.000000
331.116459 890144.000000
331.134359 890068.000000
331.152380 890064.000000
331.170517 890060.000000
331.188521 890058.000000
331.241392 889890.000000
470.766038 889548.000000
470.783575 889422.000000
470.801685 889318.000000
470.819771 889222.000000
470.838056 889136.000000
470.856035 889060.000000
470.873886 888994.000000
470.891873 888928.000000
470.909460 888864.000000
470.927506 888802.000000
470.944918 888744.000000
470.962652 888688.000000
470.980902 888634.000000
470.998907 888582.000000
471.017006 888532.000000
471.034664 888486.000000
471.052537 888442.000000
471.070400 888398.000000
471.088318 888356.000000
471.106118 888316.000000
471.123809 888278.000000
471.141442 888242.000000
471.159354 888206.000000
471.177073 888170.000000
471.194108 888136.000000
471.211434 888104.000000
471.229425 888072.000000
471.247566 888032.000000
471.265364 888000.000000
471.283229 887968.000000
471.300981 887936.000000
471.318014 887906.000000
471.336105 887876.000000
471.353509 887846.000000
471.370720 887816.000000
471.388774 887788.000000
471.406596 887760.000000
471.424873 887732.000000
471.442819 887690.000000
471.461071 887662.000000
471.478898 887634.000000
471.496499 887608.000000
471.514495 887574.000000
471.531932 887548.000000
471.549749 887522.000000
471.567613 887496.000000
471.585218 887470.000000
471.602344 887446.000000
471.619900 887422.000000
471.637092 887398.000000
471.654312 887376.000000
471.672009 887342.000000
471.690034 887322.000000
471.708011 887302.000000
471.725915 887282.000000
471.743660 887262.000000
471.761241 887238.000000
471.778215 887220.000000
471.796240 887202.000000
471.814164 887156.000000
471.830984 887138.000000
471.848854 887096.000000
471.866911 887078.000000
471.884910 887060.000000
471.902411 887032.000000
471.919708 887016.000000
471.937687 887000.000000
471.955464 886984.000000
471.973215 886950.000000
471.991168 886934.000000
472.008907 886914.000000
472.025895 886900.000000
472.042878 886888.000000
472.060965 886876.000000
472.079053 886846.000000
472.096696 886834.000000
472.114671 886822.000000
472.132074 886810.000000
472.149051 886768.000000
472.166437 886760.000000
472.184371 886752.000000
472.202407 886744.000000
472.220338 886716.000000
472.238255 886708.000000
472.256111 886684.000000
472.273396 886656.000000
472.291386 886644.000000
472.309329 886616.000000
472.327243 886610.000000
472.345207 886604.000000
472.363300 886598.000000
472.380909 886592.000000
472.398368 886586.000000
472.415659 886582.000000
472.433757 886578.000000
472.451285 886576.000000
472.469328 886506.000000
472.486740 886504.000000
472.504890 886502.000000
472.522883 886484.000000
472.540303 886482.000000
472.557978 886480.000000
472.575594 886478.000000
472.629241 886464.000000
472.664033 886368.000000
472.735711 885868.000000
472.753866 884438.000000
472.771947 884050.000000
472.789584 883900.000000
472.807754 883812.000000
472.824971 883688.000000
472.843063 883604.000000
472.861295 883558.000000
472.879436 883530.000000
472.897555 883478.000000
472.915644 883462.000000
472.933729 883446.000000
472.951478 883434.000000
472.969268 883432.000000
472.987013 883430.000000
473.076570 883414.000000
473.094355 883410.000000
473.508731 883408.000000
473.526758 883394.000000
473.544814 883380.000000
473.562342 883366.000000
473.579436 883354.000000
473.597387 883346.000000
473.615458 883338.000000
473.633412 883332.000000
473.651459 883326.000000
473.669551 883320.000000
473.687541 883314.000000
473.705250 883310.000000
1800.014829 883310.000000
