# Time(s) ObjectiveValue
2.344493 84691814.000000
2.364402 84639316.000000
2.384923 84583666.000000
2.405037 84523634.000000
2.425566 84458944.000000
2.445749 84389356.000000
2.465879 84314970.000000
2.486109 84237436.000000
2.506276 84154164.000000
2.526388 84065322.000000
2.546125 83971450.000000
2.565919 83872454.000000
2.586563 83768238.000000
2.607164 83657490.000000
2.627304 83542230.000000
2.646738 83422694.000000
2.667327 83297990.000000
2.687871 83167476.000000
2.708148 83032014.000000
2.728595 82893126.000000
2.748919 82747590.000000
2.769108 82595754.000000
2.789527 82438124.000000
2.809498 82275846.000000
2.829891 82109602.000000
2.850302 81938538.000000
2.870647 81761388.000000
2.890585 81579930.000000
2.910784 81393662.000000
2.931248 81202264.000000
2.951596 81005292.000000
2.971039 80804420.000000
2.991064 80598408.000000
3.011433 80387558.000000
3.031817 80171378.000000
3.051038 79951236.000000
3.070964 79726022.000000
3.091429 79495716.000000
3.112104 79260274.000000
3.132485 79020070.000000
3.152829 78773992.000000
3.173144 78522760.000000
3.193401 78267220.000000
3.212907 78006164.000000
3.232916 77740176.000000
3.253104 77468710.000000
3.273666 77193110.000000
3.294390 76912352.000000
3.313925 76626294.000000
3.334241 76335340.000000
3.354361 76039730.000000
3.373873 75738402.000000
3.393958 75432562.000000
3.414088 75122008.000000
3.434202 74805928.000000
3.454237 74483842.000000
3.473582 74156890.000000
3.493165 73825210.000000
3.512910 73489216.000000
3.533000 73147912.000000
3.553069 72801792.000000
3.573194 72451806.000000
3.593230 72096680.000000
3.613025 71736598.000000
3.633139 71371178.000000
3.653274 71001496.000000
3.672560 70625490.000000
3.691998 70245786.000000
3.711688 69860422.000000
3.731813 69472456.000000
3.751888 69079854.000000
3.771963 68682774.000000
3.792383 68280496.000000
3.812712 67873376.000000
3.832159 67462240.000000
3.852191 67047090.000000
3.872049 66627320.000000
3.892072 66202972.000000
3.912031 65776254.000000
3.931820 65344938.000000
3.951811 64908466.000000
3.970584 64469386.000000
3.990421 64025894.000000
4.009240 63579356.000000
4.028941 63128088.000000
4.048582 62672714.000000
4.068508 62214764.000000
4.087628 61752446.000000
4.107592 61285880.000000
4.126774 60814230.000000
4.146502 60337974.000000
4.165262 59857212.000000
4.184927 59372394.000000
4.203879 58882418.000000
4.223000 58386326.000000
4.242767 57885008.000000
4.262152 57379784.000000
4.281282 56869780.000000
4.301004 56354016.000000
4.320664 55834820.000000
4.340337 55310828.000000
4.360093 54782244.000000
4.379621 54249352.000000
4.399445 53712652.000000
4.418964 53170296.000000
4.438823 52622972.000000
4.458487 52069868.000000
4.477459 51513276.000000
4.497209 50952526.000000
4.516263 50387206.000000
4.535679 49817552.000000
4.555298 49242430.000000
4.575015 48662340.000000
4.594763 48077532.000000
4.613656 47488400.000000
4.633433 46893828.000000
4.652799 46294472.000000
4.671923 45690656.000000
4.691073 45081952.000000
4.710085 44467974.000000
4.729247 43849708.000000
4.748733 43225768.000000
4.768311 42595554.000000
4.787780 41963592.000000
4.806810 41325474.000000
4.825688 40681792.000000
4.844862 40033208.000000
4.864400 39380996.000000
4.883462 38723976.000000
4.902860 38060974.000000
4.922320 37393134.000000
4.941793 36721274.000000
4.961449 36045962.000000
4.980640 35365556.000000
5.000041 34680942.000000
5.019497 33991068.000000
5.038952 33296222.000000
5.057639 32596736.000000
5.077158 31893566.000000
5.096713 31188702.000000
5.116174 30478338.000000
5.135421 29764126.000000
5.155016 29048160.000000
5.174602 28327142.000000
5.194206 27601534.000000
5.213423 26872106.000000
5.232374 26137836.000000
5.251392 25400740.000000
5.270961 24658772.000000
5.290540 23912708.000000
5.309953 23163004.000000
5.329498 22408002.000000
5.348630 21649732.000000
5.368061 20886820.000000
5.387407 20120772.000000
5.406987 19351624.000000
5.426157 18577880.000000
5.445471 17798648.000000
5.465004 17016540.000000
5.483902 16229338.000000
5.502730 15438904.000000
5.522212 14644260.000000
5.540540 13847534.000000
5.560112 13048266.000000
5.579295 12244926.000000
5.598703 11437998.000000
5.617100 10627098.000000
5.636434 9812972.000000
5.655669 8994806.000000
5.674930 8173448.000000
5.694004 7350054.000000
5.713166 6522978.000000
5.732042 5694714.000000
5.751370 4863264.000000
5.770756 4031066.000000
5.789410 3199420.000000
5.808787 2368534.000000
5.827507 1537436.000000
5.847046 1531698.000000
5.866623 1527628.000000
5.885775 1525826.000000
5.904472 1524040.000000
5.923551 1522376.000000
5.943003 1520660.000000
5.962477 1519006.000000
5.981908 1517432.000000
6.000531 1515806.000000
6.020061 1514294.000000
6.039428 1512786.000000
6.058682 1511280.000000
6.077944 1509778.000000
6.097338 1508318.000000
6.116736 1506858.000000
6.135247 1505402.000000
6.154405 1503640.000000
6.173711 1502210.000000
6.192476 1500784.000000
6.211287 1499226.000000
6.229901 1497694.000000
6.247802 1496288.000000
6.266340 1494890.000000
6.285075 1493508.000000
6.302789 1491768.000000
6.321065 1490278.000000
6.339998 1488900.000000
6.358562 1487456.000000
6.376902 1486100.000000
6.394958 1484538.000000
6.413745 1482756.000000
6.431706 1481360.000000
6.450041 1480008.000000
6.468537 1478560.000000
6.486868 1477118.000000
6.505085 1475632.000000
6.523589 1474222.000000
6.542311 1472902.000000
6.560644 1471564.000000
6.579361 1470258.000000
6.597753 1468746.000000
6.615674 1467342.000000
6.633722 1466042.000000
6.651675 1464744.000000
6.670303 1463302.000000
6.688815 1462020.000000
6.707282 1460734.000000
6.725477 1459300.000000
6.744062 1458028.000000
6.762679 1456756.000000
6.780917 1455504.000000
6.799232 1454264.000000
6.817081 1452890.000000
6.835712 1451652.000000
6.853901 1450418.000000
6.871380 1449118.000000
6.890025 1447902.000000
6.908584 1446688.000000
6.927224 1445474.000000
6.945719 1444220.000000
6.964334 1442838.000000
6.982942 1441486.000000
7.001557 1440238.000000
7.019528 1439000.000000
7.037221 1437624.000000
7.055646 1436394.000000
7.073451 1435186.000000
7.092023 1433960.000000
7.110313 1432758.000000
7.128892 1431560.000000
7.146807 1430302.000000
7.165306 1428750.000000
7.183431 1427200.000000
7.201739 1425958.000000
7.219600 1424554.000000
7.238164 1423096.000000
7.256676 1421804.000000
7.275270 1420548.000000
7.293942 1419298.000000
7.312346 1417726.000000
7.330843 1416422.000000
7.348529 1415176.000000
7.366313 1413736.000000
7.384625 1412320.000000
7.402163 1410830.000000
7.420174 1409534.000000
7.438259 1408326.000000
7.456838 1407046.000000
7.475109 1405698.000000
7.492912 1404232.000000
7.511405 1402800.000000
7.529771 1401568.000000
7.547507 1400352.000000
7.565683 1399162.000000
7.583393 1397730.000000
7.601824 1396444.000000
7.620046 1395266.000000
7.637792 1394096.000000
7.656004 1392928.000000
7.673225 1391408.000000
7.691675 1390242.000000
7.710088 1389078.000000
7.727423 1387928.000000
7.746207 1386712.000000
7.764275 1385462.000000
7.782772 1384260.000000
7.801147 1383114.000000
7.819605 1381974.000000
7.837993 1380814.000000
7.856497 1379656.000000
7.874113 1378340.000000
7.892286 1377204.000000
7.910436 1375906.000000
7.928799 1374732.000000
7.947206 1373340.000000
7.965214 1372200.000000
7.982588 1370870.000000
8.001147 1369714.000000
8.019786 1368220.000000
8.038042 1367084.000000
8.056095 1365936.000000
8.073587 1364768.000000
8.092701 1363338.000000
8.112171 1362040.000000
8.130992 1360828.000000
8.148905 1359566.000000
8.166904 1358462.000000
8.184989 1357362.000000
8.202824 1356252.000000
8.220692 1355120.000000
8.239061 1353946.000000
8.257549 1352856.000000
8.275559 1351628.000000
8.293780 1350496.000000
8.311476 1349296.000000
8.329756 1348206.000000
8.348239 1347000.000000
8.366497 1345534.000000
8.384749 1344444.000000
8.402864 1343356.000000
8.421034 1342272.000000
8.438564 1341208.000000
8.457033 1340036.000000
8.475091 1338888.000000
8.493178 1337822.000000
8.510993 1336760.000000
8.530060 1335698.000000
8.547747 1333916.000000
8.566088 1332476.000000
8.584166 1331298.000000
8.602580 1330128.000000
8.620113 1328666.000000
8.638684 1327532.000000
8.657111 1326488.000000
8.675438 1325460.000000
8.693725 1324320.000000
8.711975 1323294.000000
8.730199 1322162.000000
8.748579 1321142.000000
8.766691 1320126.000000
8.784997 1319122.000000
8.803398 1318054.000000
8.820858 1317028.000000
8.839130 1316004.000000
8.857120 1315004.000000
8.874539 1314006.000000
8.892833 1312914.000000
8.911198 1311878.000000
8.929474 1310830.000000
8.947813 1309840.000000
8.965815 1308854.000000
8.983479 1307508.000000
9.001813 1306454.000000
9.020062 1305458.000000
9.037997 1304414.000000
9.055881 1303266.000000
9.074180 1302266.000000
9.092501 1301268.000000
9.111160 1300262.000000
9.129375 1299278.000000
9.147173 1298306.000000
9.165420 1297254.000000
9.183761 1296292.000000
9.201143 1295320.000000
9.219442 1294266.000000
9.236869 1293088.000000
9.255538 1292132.000000
9.273895 1291116.000000
9.292351 1289776.000000
9.310382 1288666.000000
9.327699 1287704.000000
9.345014 1286726.000000
9.363143 1285700.000000
9.381300 1284542.000000
9.399647 1283420.000000
9.417652 1282328.000000
9.435688 1281140.000000
9.454158 1280146.000000
9.471398 1279030.000000
9.488860 1277952.000000
9.506689 1276912.000000
9.524677 1275924.000000
9.542203 1274814.000000
9.559847 1273804.000000
9.577949 1272864.000000
9.596287 1271692.000000
9.614684 1270734.000000
9.632696 1269590.000000
9.650908 1268654.000000
9.669202 1267554.000000
9.686876 1266420.000000
9.704429 1265406.000000
9.722453 1264486.000000
9.739946 1263452.000000
9.758218 1262516.000000
9.776452 1261498.000000
9.794711 1260506.000000
9.812897 1259546.000000
9.830941 1258600.000000
9.848004 1257420.000000
9.866144 1256458.000000
9.884270 1255508.000000
9.902401 1254450.000000
9.920610 1253544.000000
9.938802 1252650.000000
9.957042 1251588.000000
9.975088 1250698.000000
9.992945 1249720.000000
10.010201 1248836.000000
10.028339 1247964.000000
10.046423 1247086.000000
10.063995 1246072.000000
10.082111 1244758.000000
10.100238 1243530.000000
10.118105 1242156.000000
10.136283 1240990.000000
10.154580 1240028.000000
10.172383 1239098.000000
10.190585 1238066.000000
10.208449 1237130.000000
10.226607 1236242.000000
10.244831 1235358.000000
10.263289 1234498.000000
10.281633 1233376.000000
10.299547 1232474.000000
10.317539 1231612.000000
10.335558 1230752.000000
10.353579 1229896.000000
10.371484 1229020.000000
10.389673 1228180.000000
10.407517 1227340.000000
10.424953 1226196.000000
10.442668 1225276.000000
10.460868 1224340.000000
10.477845 1223304.000000
10.495828 1222438.000000
10.513666 1221522.000000
10.531853 1220674.000000
10.549999 1219828.000000
10.567480 1218744.000000
10.585225 1217900.000000
10.603210 1217026.000000
10.621163 1215948.000000
10.639069 1215064.000000
10.656889 1214248.000000
10.674834 1213432.000000
10.691916 1212618.000000
10.709371 1211668.000000
10.727461 1210826.000000
10.745589 1209974.000000
10.763231 1208906.000000
10.781076 1207882.000000
10.799002 1207070.000000
10.816682 1206264.000000
10.833852 1205226.000000
10.850997 1204322.000000
10.869090 1203398.000000
10.887254 1202504.000000
10.904433 1201532.000000
10.922102 1200426.000000
10.939836 1199044.000000
10.957585 1198180.000000
10.974948 1197362.000000
10.992925 1196344.000000
11.010718 1195498.000000
11.028200 1194674.000000
11.046164 1193860.000000
11.064202 1193068.000000
11.082267 1192032.000000
11.099523 1190946.000000
11.117491 1189938.000000
11.135514 1188966.000000
11.153602 1187998.000000
11.171308 1187058.000000
11.189529 1186132.000000
11.207934 1184870.000000
11.225094 1183252.000000
11.243229 1182420.000000
11.261683 1181616.000000
11.280099 1180818.000000
11.297642 1180034.000000
11.316053 1179232.000000
11.333397 1177782.000000
11.351217 1176652.000000
11.369526 1175134.000000
11.387836 1173894.000000
11.405353 1172990.000000
11.423308 1172110.000000
11.441642 1171246.000000
11.459544 1170478.000000
11.477921 1169612.000000
11.496079 1168766.000000
11.514669 1167744.000000
11.533004 1166956.000000
11.551194 1166188.000000
11.569698 1165428.000000
11.587596 1164672.000000
11.605694 1163854.000000
11.623912 1162894.000000
11.641399 1161634.000000
11.658942 1160250.000000
11.676137 1159392.000000
11.694266 1157906.000000
11.712408 1157052.000000
11.730334 1156256.000000
11.748654 1155514.000000
11.766948 1154786.000000
11.784687 1154068.000000
11.802639 1153358.000000
11.820348 1152610.000000
11.837677 1151710.000000
11.855032 1150872.000000
11.873108 1149740.000000
11.891170 1148442.000000
11.909537 1147626.000000
11.926719 1146916.000000
11.944757 1146114.000000
11.963098 1145406.000000
11.980796 1144532.000000
11.999085 1143846.000000
12.017267 1142888.000000
12.035604 1142206.000000
12.053763 1141390.000000
12.072179 1140334.000000
12.090332 1139354.000000
12.108492 1138582.000000
12.126820 1137810.000000
12.145350 1136750.000000
12.162912 1135818.000000
12.181237 1135138.000000
12.199574 1134230.000000
12.217079 1133262.000000
12.234830 1132074.000000
12.253296 1131106.000000
12.271674 1130128.000000
12.289685 1129350.000000
12.308087 1128400.000000
12.325833 1127664.000000
12.343328 1126936.000000
12.361482 1126054.000000
12.379203 1125236.000000
12.397570 1124224.000000
12.415942 1123544.000000
12.433811 1122866.000000
12.452177 1122116.000000
12.469714 1121442.000000
12.488017 1120772.000000
12.505163 1120106.000000
12.523577 1119450.000000
12.541936 1118776.000000
12.560286 1118026.000000
12.578509 1116946.000000
12.596550 1116208.000000
12.614138 1115560.000000
12.632380 1114934.000000
12.650540 1114000.000000
12.668677 1113382.000000
12.686332 1112104.000000
12.704612 1110938.000000
12.723036 1110300.000000
12.740407 1109328.000000
12.758796 1108254.000000
12.776592 1106896.000000
12.794911 1105974.000000
12.812521 1105056.000000
12.830815 1104088.000000
12.849201 1103180.000000
12.867417 1102422.000000
12.884520 1101402.000000
12.902819 1100528.000000
12.920759 1099856.000000
12.938934 1099214.000000
12.957091 1098592.000000
12.975494 1097900.000000
12.992889 1097214.000000
13.011291 1096248.000000
13.029601 1095474.000000
13.047470 1094784.000000
13.065248 1094164.000000
13.084380 1093316.000000
13.102970 1092410.000000
13.121320 1091800.000000
13.138664 1091206.000000
13.157064 1090612.000000
13.175505 1089820.000000
13.193889 1089234.000000
13.211883 1088534.000000
13.230320 1087782.000000
13.248636 1087210.000000
13.266843 1086538.000000
13.285432 1085974.000000
13.303881 1085174.000000
13.320987 1084468.000000
13.338440 1083828.000000
13.356767 1083200.000000
13.374302 1082578.000000
13.392458 1081996.000000
13.410851 1081038.000000
13.429194 1080400.000000
13.447322 1079824.000000
13.465611 1078680.000000
13.483825 1077932.000000
13.501123 1076676.000000
13.519440 1076068.000000
13.537740 1075490.000000
13.555744 1074844.000000
13.573807 1074230.000000
13.592048 1073628.000000
13.610415 1073078.000000
13.628582 1072134.000000
13.647026 1071588.000000
13.665372 1071082.000000
13.683143 1070586.000000
13.700717 1070098.000000
13.719015 1069494.000000
13.736876 1068974.000000
13.754637 1068408.000000
13.772995 1067822.000000
13.791028 1067052.000000
13.808563 1066568.000000
13.826640 1066088.000000
13.844217 1065612.000000
13.862172 1064788.000000
13.880409 1063810.000000
13.898112 1062290.000000
13.916231 1061650.000000
13.934479 1061142.000000
13.952014 1060610.000000
13.969133 1060144.000000
13.987402 1059684.000000
14.005471 1058326.000000
14.023085 1057878.000000
14.041446 1057358.000000
14.059339 1056748.000000
14.076430 1056176.000000
14.094329 1055676.000000
14.112490 1054854.000000
14.130439 1054036.000000
14.148296 1052480.000000
14.166623 1051874.000000
14.185054 1051230.000000
14.202862 1050692.000000
14.220709 1050200.000000
14.237988 1049726.000000
14.255491 1049272.000000
14.273583 1048426.000000
14.292063 1047646.000000
14.310498 1047140.000000
14.328443 1046676.000000
14.345497 1046130.000000
14.362526 1045488.000000
14.379694 1044858.000000
14.397610 1044360.000000
14.415609 1043888.000000
14.433694 1043274.000000
14.451393 1042760.000000
14.469272 1042016.000000
14.486709 1041192.000000
14.504485 1040164.000000
14.522760 1039712.000000
14.540880 1039270.000000
14.558836 1038712.000000
14.576956 1038222.000000
14.594383 1037776.000000
14.611612 1037134.000000
14.629588 1036192.000000
14.647304 1035766.000000
14.665086 1035352.000000
14.681996 1034506.000000
14.699565 1033976.000000
14.717400 1033566.000000
14.734658 1033146.000000
14.752506 1032296.000000
14.770494 1031670.000000
14.787854 1031280.000000
14.805746 1030706.000000
14.823429 1030196.000000
14.841338 1029808.000000
14.859348 1029316.000000
14.877468 1028932.000000
14.895412 1028548.000000
14.912610 1028006.000000
14.930622 1027554.000000
14.948581 1027152.000000
14.966376 1026770.000000
14.983526 1026394.000000
15.001347 1026024.000000
15.019201 1025572.000000
15.036988 1024830.000000
15.054770 1024130.000000
15.071940 1023764.000000
15.089785 1023352.000000
15.106724 1022990.000000
15.124331 1022624.000000
15.141477 1022264.000000
15.159052 1021906.000000
15.176932 1021548.000000
15.194537 1021198.000000
15.212232 1020852.000000
15.229402 1020510.000000
15.247481 1020168.000000
15.265262 1019756.000000
15.283152 1019312.000000
15.300799 1018980.000000
15.318183 1018652.000000
15.335682 1018274.000000
15.353628 1017878.000000
15.371657 1017500.000000
15.389629 1017168.000000
15.406999 1016726.000000
15.424890 1016106.000000
15.442888 1015656.000000
15.460205 1015264.000000
15.477970 1014936.000000
15.496013 1014612.000000
15.513987 1014292.000000
15.531983 1013988.000000
15.549946 1013684.000000
15.567069 1013392.000000
15.584307 1013066.000000
15.601710 1012776.000000
15.619736 1012492.000000
15.637988 1012088.000000
15.656026 1011706.000000
15.673792 1011422.000000
15.691305 1011140.000000
15.709388 1010876.000000
15.727285 1010618.000000
15.745100 1010084.000000
15.762563 1009820.000000
15.780412 1009078.000000
15.798387 1008368.000000
15.815862 1007986.000000
15.833689 1007392.000000
15.850922 1006984.000000
15.868855 1006678.000000
15.886222 1006430.000000
15.904121 1006184.000000
15.921826 1005940.000000
15.939824 1005406.000000
15.957881 1005140.000000
15.975482 1004904.000000
15.993398 1004550.000000
16.011348 1004148.000000
16.029298 1003914.000000
16.047167 1003680.000000
16.064479 1003414.000000
16.081540 1002888.000000
16.098734 1002482.000000
16.116182 1001460.000000
16.132850 1000976.000000
16.150820 1000382.000000
16.168779 1000114.000000
16.185801 999848.000000
16.202470 999594.000000
16.219609 999354.000000
16.237630 999122.000000
16.255863 998894.000000
16.273982 998268.000000
16.291454 997946.000000
16.309137 997536.000000
16.327064 997148.000000
16.344719 996900.000000
16.361885 996552.000000
16.379367 995928.000000
16.397948 995180.000000
16.415625 994732.000000
16.433795 994336.000000
16.451766 993848.000000
16.469101 993476.000000
16.487561 992898.000000
16.506006 992632.000000
16.524477 992186.000000
16.541876 991928.000000
16.560203 991672.000000
16.577885 991452.000000
16.596237 991234.000000
16.614467 991024.000000
16.632979 990814.000000
16.650403 990482.000000
16.668350 990272.000000
16.686784 989912.000000
16.705040 989610.000000
16.723442 989310.000000
16.741893 988836.000000
16.759915 988296.000000
16.778137 987424.000000
16.796418 986754.000000
16.814207 986060.000000
16.832293 985570.000000
16.849941 985084.000000
16.868010 984710.000000
16.885736 984472.000000
16.903938 984268.000000
16.922427 984066.000000
16.940267 983866.000000
16.958717 983430.000000
16.976451 983124.000000
16.994940 982274.000000
17.013053 982070.000000
17.030442 981870.000000
17.048386 981488.000000
17.067022 981292.000000
17.084642 981100.000000
17.103099 980910.000000
17.121630 980726.000000
17.139639 980542.000000
17.157199 980360.000000
17.175668 980178.000000
17.193775 979998.000000
17.212231 979820.000000
17.230516 979644.000000
17.248868 979468.000000
17.266535 979300.000000
17.284906 979134.000000
17.303195 978970.000000
17.320990 978798.000000
17.339059 978634.000000
17.356776 978474.000000
17.375239 978316.000000
17.393680 978160.000000
17.412023 978004.000000
17.430238 977850.000000
17.448828 977700.000000
17.467449 977172.000000
17.485494 976678.000000
17.504141 976530.000000
17.522908 976382.000000
17.541351 976234.000000
17.559452 976092.000000
17.577806 975950.000000
17.595627 975810.000000
17.614078 975672.000000
17.632588 975534.000000
17.650814 975338.000000
17.669388 975202.000000
17.687143 975066.000000
17.704363 974936.000000
17.722338 974806.000000
17.740207 974680.000000
17.758704 974554.000000
17.776545 974430.000000
17.795091 974308.000000
17.813597 974186.000000
17.831947 974066.000000
17.850198 973950.000000
17.868690 973834.000000
17.887146 973720.000000
17.905752 973606.000000
17.924148 973492.000000
17.941979 973380.000000
17.960358 973268.000000
17.978664 973156.000000
17.997071 973046.000000
18.015626 972938.000000
18.034050 972830.000000
18.051619 972724.000000
18.070316 972618.000000
18.088150 972514.000000
18.106491 972408.000000
18.124919 972306.000000
18.143430 971888.000000
18.161893 971370.000000
18.180351 970940.000000
18.198477 970314.000000
18.216115 969724.000000
18.234505 969072.000000
18.252905 968884.000000
18.271072 968602.000000
18.289591 968432.000000
18.308049 968028.000000
18.326467 967864.000000
18.344746 967296.000000
18.363233 966584.000000
18.381563 966164.000000
18.399942 965516.000000
18.418375 965160.000000
18.436338 964580.000000
18.454294 964038.000000
18.472253 963538.000000
18.490130 963098.000000
18.508383 961888.000000
18.526906 960900.000000
18.545202 960064.000000
18.563741 959394.000000
18.581713 959242.000000
18.598962 959110.000000
18.617330 958982.000000
18.635499 958846.000000
18.654007 958734.000000
18.672094 958624.000000
18.690114 958516.000000
18.708212 958288.000000
18.726673 958146.000000
18.744732 958006.000000
18.762885 957862.000000
18.781417 957754.000000
18.799440 957648.000000
18.817895 957548.000000
18.836308 957448.000000
18.854744 957348.000000
18.873145 957250.000000
18.891404 957154.000000
18.909804 957058.000000
18.928250 956962.000000
18.946587 956866.000000
18.964413 956772.000000
18.982976 956678.000000
19.001407 956586.000000
19.019813 956494.000000
19.038043 956398.000000
19.056504 956308.000000
19.075264 956206.000000
19.093850 956116.000000
19.112173 956028.000000
19.130191 955940.000000
19.148038 955854.000000
19.166420 955768.000000
19.184612 955670.000000
19.203256 955586.000000
19.221902 955412.000000
19.240451 955318.000000
19.257978 955190.000000
19.276360 955108.000000
19.294874 955026.000000
19.313814 954934.000000
19.332273 954834.000000
19.350827 954752.000000
19.369217 954652.000000
19.387750 954574.000000
19.405971 954496.000000
19.424101 954398.000000
19.442387 954096.000000
19.460885 953972.000000
19.478983 953852.000000
19.496395 953774.000000
19.514118 953698.000000
19.532695 953624.000000
19.551110 953550.000000
19.569501 953476.000000
19.587560 953402.000000
19.605447 953328.000000
19.623245 953256.000000
19.641629 953184.000000
19.659605 953112.000000
19.677423 952976.000000
19.695071 952904.000000
19.712588 952816.000000
19.730834 952740.000000
19.748529 952670.000000
19.767138 952600.000000
19.785740 952530.000000
19.804183 952460.000000
19.822704 952390.000000
19.840260 952324.000000
19.858580 952258.000000
19.876273 952192.000000
19.894145 952130.000000
19.911824 952070.000000
19.929730 952012.000000
19.948040 951954.000000
19.966126 951896.000000
19.984213 951840.000000
20.002717 951784.000000
20.019873 951730.000000
20.038335 951676.000000
20.056807 951624.000000
20.074542 951574.000000
20.093061 951526.000000
20.111488 951412.000000
20.129477 951364.000000
20.147944 951242.000000
20.166085 951196.000000
20.184301 951150.000000
20.202588 951104.000000
20.221116 951058.000000
20.239380 951012.000000
20.256996 950964.000000
20.275054 950920.000000
20.293567 950876.000000
20.312110 950832.000000
20.330548 950788.000000
20.349036 950744.000000
20.366960 950700.000000
20.384676 950658.000000
20.403012 950594.000000
20.421407 950554.000000
20.439956 950516.000000
20.458433 950478.000000
20.476982 950440.000000
20.495419 950402.000000
20.513883 950340.000000
20.532224 950250.000000
20.550647 950212.000000
20.568583 950176.000000
20.586987 950140.000000
20.605474 950104.000000
20.623959 950070.000000
20.642384 950000.000000
20.660779 949966.000000
20.679062 949932.000000
20.696854 949898.000000
20.714419 949866.000000
20.733115 949834.000000
20.751597 949802.000000
20.769890 949770.000000
20.787860 949738.000000
20.805890 949708.000000
20.824467 949676.000000
20.843043 949622.000000
20.861267 949592.000000
20.879517 949562.000000
20.897624 949388.000000
20.916009 949358.000000
20.933919 949306.000000
20.952288 949276.000000
20.970171 949248.000000
20.988630 949180.000000
21.007043 948936.000000
21.025124 948884.000000
21.043379 948388.000000
21.061906 948174.000000
21.080274 948040.000000
21.098663 947980.000000
21.116913 947938.000000
21.135223 947902.000000
21.153313 947846.000000
21.171835 947814.000000
21.190277 947752.000000
21.208609 947722.000000
21.227149 947694.000000
21.244344 947666.000000
21.261457 947598.000000
21.279460 947570.000000
21.296444 947544.000000
21.314659 947518.000000
21.332942 947492.000000
21.351061 947466.000000
21.368925 947440.000000
21.386564 947414.000000
21.404206 947390.000000
21.422435 947366.000000
21.440555 947342.000000
21.458385 947318.000000
21.475989 947296.000000
21.493931 947276.000000
21.512114 947256.000000
21.530154 947236.000000
21.548237 947216.000000
21.566285 947196.000000
21.584084 947178.000000
21.602294 947162.000000
21.620404 947126.000000
21.638616 947110.000000
21.656693 947096.000000
21.674789 947082.000000
21.692948 947000.000000
21.711110 946978.000000
21.729222 946964.000000
21.747380 946950.000000
21.765136 946938.000000
21.783330 946926.000000
21.801569 946914.000000
21.819577 946902.000000
21.837594 946890.000000
21.854665 946880.000000
21.872763 946850.000000
21.890843 946830.000000
21.908952 946810.000000
21.926871 946444.000000
21.944558 946316.000000
21.962605 946252.000000
21.980421 946220.000000
21.998078 946210.000000
22.016148 946196.000000
22.034126 946186.000000
22.052242 946176.000000
22.070014 946168.000000
22.088161 946148.000000
22.105839 946140.000000
22.123890 946132.000000
22.141974 946124.000000
22.160054 946116.000000
22.178159 946108.000000
22.195852 946100.000000
22.213551 945982.000000
22.231660 945966.000000
22.249910 945958.000000
22.267419 945950.000000
22.284963 945944.000000
22.303365 945938.000000
22.321346 945932.000000
22.339307 945894.000000
22.357469 945650.000000
22.374701 945486.000000
22.391782 945386.000000
22.409896 945050.000000
22.427708 944714.000000
22.445331 944368.000000
22.463484 944120.000000
22.481579 943696.000000
22.499660 943416.000000
22.517548 943148.000000
22.535531 943010.000000
22.553404 942896.000000
22.571276 942550.000000
22.589174 942316.000000
22.607123 942084.000000
22.625151 941858.000000
22.643345 941074.000000
22.661262 940754.000000
22.679111 940640.000000
22.697283 940466.000000
22.715391 940392.000000
22.733397 940350.000000
22.751402 940318.000000
22.769288 940292.000000
22.786528 940262.000000
22.804532 940242.000000
22.822691 940052.000000
22.840706 939926.000000
22.858814 939576.000000
22.876414 939204.000000
22.894219 938826.000000
22.912186 938670.000000
22.929885 938568.000000
22.947861 938474.000000
22.965671 938416.000000
22.983432 938362.000000
23.001466 938322.000000
23.019617 938250.000000
23.038052 938172.000000
23.056497 938116.000000
23.074723 938076.000000
23.092621 938048.000000
23.110493 938030.000000
23.128617 937754.000000
23.146704 937592.000000
23.164769 937470.000000
23.182776 937436.000000
23.200818 937354.000000
23.218875 936756.000000
23.236782 936566.000000
23.254816 936210.000000
23.272684 936128.000000
23.290540 935930.000000
23.308578 935670.000000
23.326376 935592.000000
23.344451 935548.000000
23.362523 935472.000000
23.380551 935440.000000
23.398209 935416.000000
23.415472 935296.000000
23.432856 935278.000000
23.450574 935262.000000
23.468435 935252.000000
23.486508 935244.000000
23.503765 935238.000000
23.522120 935182.000000
23.540151 935154.000000
23.557875 935148.000000
23.575624 935136.000000
23.593714 935130.000000
23.611395 935066.000000
23.628352 935032.000000
23.645815 935028.000000
23.663938 935010.000000
23.681708 935006.000000
23.699771 934966.000000
23.717077 934962.000000
23.735036 934958.000000
23.753176 934954.000000
23.771217 934946.000000
23.788988 934942.000000
23.806850 934882.000000
23.824990 934878.000000
23.842734 934874.000000
23.859844 934808.000000
23.877953 934804.000000
23.895019 934764.000000
23.912937 934758.000000
23.930996 934754.000000
23.947919 934732.000000
23.965245 934730.000000
23.983304 934728.000000
24.001393 934726.000000
24.019369 934724.000000
24.037243 934722.000000
24.055009 934704.000000
24.072487 934700.000000
24.090534 934698.000000
24.108148 934696.000000
24.179903 934684.000000
24.251441 934652.000000
24.269429 934374.000000
24.287370 933706.000000
24.305206 933444.000000
24.323303 932730.000000
24.341223 932364.000000
24.359260 931570.000000
24.377229 931200.000000
24.395192 930910.000000
24.413227 930794.000000
24.431279 930698.000000
24.449227 930608.000000
24.467150 930522.000000
24.485080 930484.000000
24.503083 930466.000000
24.521093 930412.000000
24.539042 930388.000000
24.557285 930372.000000
24.575327 930356.000000
24.666013 930352.000000
24.683020 929840.000000
24.701050 928970.000000
24.718983 928680.000000
24.736757 928376.000000
24.754672 928172.000000
24.772733 927988.000000
24.790634 927832.000000
24.808752 927724.000000
24.825890 927660.000000
24.843799 927612.000000
24.861775 927578.000000
24.879789 927532.000000
24.897013 927514.000000
24.914927 927508.000000
24.932340 927498.000000
24.949284 927494.000000
24.967317 927426.000000
24.984837 927422.000000
25.128728 927386.000000
25.163047 927346.000000
25.199159 927308.000000
25.271469 927194.000000
25.307541 927162.000000
25.379484 927156.000000
25.397257 927132.000000
25.414692 927104.000000
25.432627 927102.000000
25.467775 927094.000000
25.485909 927072.000000
25.647272 926954.000000
25.665166 926798.000000
25.683089 926710.000000
25.701108 926674.000000
25.718992 926652.000000
25.736277 926648.000000
25.754085 926644.000000
25.772145 926640.000000
25.790195 926638.000000
25.808147 926636.000000
25.825892 926634.000000
25.914627 926612.000000
25.932481 926610.000000
25.967592 926604.000000
26.039569 926564.000000
26.057281 926558.000000
26.236331 926552.000000
26.254398 926544.000000
26.272992 926538.000000
26.290956 926532.000000
26.416382 926504.000000
26.433410 926438.000000
26.451515 926408.000000
26.469427 926362.000000
26.487081 926344.000000
26.504443 926336.000000
26.540536 925974.000000
26.558736 925088.000000
26.576583 924556.000000
26.594590 924454.000000
26.612643 924358.000000
26.629544 924310.000000
26.647521 924278.000000
26.664853 924264.000000
26.682220 924256.000000
26.699487 923962.000000
26.717765 923958.000000
26.735868 923952.000000
26.753640 923948.000000
26.983576 923946.000000
27.001934 923934.000000
27.019571 923926.000000
27.037062 923918.000000
27.054375 923912.000000
27.072591 923910.000000
27.363325 923878.000000
27.380996 923842.000000
27.398550 923832.000000
27.416753 923822.000000
27.434926 923812.000000
27.453098 923802.000000
27.470930 923794.000000
27.489133 923786.000000
27.507367 923780.000000
28.853333 923772.000000
28.870867 923746.000000
28.889157 923730.000000
28.907268 923714.000000
28.925310 923698.000000
28.943567 923682.000000
28.961050 923668.000000
28.979363 923654.000000
28.997694 923642.000000
29.015879 923630.000000
29.033995 923618.000000
29.052471 923608.000000
29.070804 923598.000000
29.088950 923588.000000
29.107237 923578.000000
29.125615 923568.000000
29.143081 923558.000000
29.160017 923550.000000
29.177472 923542.000000
29.194998 923536.000000
29.213039 923524.000000
29.231155 923518.000000
29.248699 923506.000000
29.266888 923502.000000
29.285090 923500.000000
29.846417 923498.000000
29.863123 923482.000000
29.881112 923466.000000
29.899063 923452.000000
29.916819 923440.000000
29.935033 923428.000000
29.953168 923418.000000
29.970545 923410.000000
29.987988 923404.000000
30.005917 923400.000000
31.579040 923396.000000
31.597174 923378.000000
31.614881 923360.000000
31.632612 923344.000000
31.650732 923328.000000
31.668709 923312.000000
31.686336 923296.000000
31.703833 923280.000000
31.721159 923266.000000
31.738895 923252.000000
31.756636 923240.000000
31.774730 923230.000000
31.792336 923220.000000
31.809917 923210.000000
31.827206 923202.000000
31.845309 923194.000000
31.862723 923190.000000
31.880842 923186.000000
31.898437 923182.000000
31.916496 923178.000000
31.933336 923176.000000
31.951041 923174.000000
32.021565 923168.000000
32.039880 923166.000000
32.057142 923164.000000
32.539978 923148.000000
32.558046 923130.000000
32.574942 923114.000000
32.593075 923100.000000
32.611252 923084.000000
32.628637 923072.000000
32.645880 923062.000000
32.663996 923054.000000
32.681520 923052.000000
33.093924 923028.000000
33.111839 923008.000000
33.129578 922990.000000
33.146566 922974.000000
33.164498 922964.000000
33.182544 922956.000000
33.200641 922948.000000
33.218099 922942.000000
101.678407 922556.000000
101.696771 922138.000000
101.714726 921792.000000
101.732754 921504.000000
101.750568 921322.000000
101.768653 921204.000000
101.786154 921068.000000
101.804318 920958.000000
101.821269 920850.000000
101.839362 920750.000000
101.856408 920658.000000
101.874313 920574.000000
101.892313 920492.000000
101.909943 920412.000000
101.927782 920336.000000
101.945832 920262.000000
101.963928 920188.000000
101.981967 920114.000000
101.998748 920046.000000
102.016798 919902.000000
102.034761 919838.000000
102.052709 919776.000000
102.069990 919720.000000
102.087968 919666.000000
102.105827 919614.000000
102.123948 919562.000000
102.141933 919512.000000
102.159953 919464.000000
102.177719 919420.000000
102.195173 919374.000000
102.212957 919332.000000
102.231010 919290.000000
102.248974 919248.000000
102.266290 919186.000000
102.283631 919144.000000
102.300870 919102.000000
102.318020 919062.000000
102.336055 919022.000000
102.353993 918982.000000
102.371929 918904.000000
102.389877 918864.000000
102.407950 918824.000000
102.425987 918784.000000
102.443948 918744.000000
102.461575 918706.000000
102.479508 918668.000000
102.497305 918632.000000
102.515248 918596.000000
102.533342 918534.000000
102.551306 918498.000000
102.569279 918464.000000
102.587383 918430.000000
102.605143 918398.000000
102.623251 918354.000000
102.640718 918322.000000
102.657871 918294.000000
102.675868 918266.000000
102.693651 918240.000000
102.711379 918214.000000
102.728497 918190.000000
102.746391 918166.000000
102.764387 918142.000000
102.782398 918118.000000
102.799698 918096.000000
102.817770 918074.000000
102.835508 918052.000000
102.853043 918032.000000
102.870987 918012.000000
102.888983 917992.000000
102.906993 917954.000000
102.924750 917934.000000
102.942543 917914.000000
102.960172 917884.000000
102.977989 917864.000000
102.995340 917844.000000
103.012499 917828.000000
103.030771 917806.000000
103.049246 917790.000000
103.067093 917774.000000
103.085161 917758.000000
103.103120 917742.000000
103.120933 917728.000000
103.139041 917714.000000
103.156868 917702.000000
103.175031 917686.000000
103.192601 917674.000000
103.210530 917662.000000
103.228364 917650.000000
103.246165 917638.000000
103.263861 917626.000000
103.281235 917614.000000
103.298237 917604.000000
103.316281 917594.000000
103.334176 917584.000000
103.351966 917576.000000
103.370041 917548.000000
103.388033 917510.000000
103.406020 917502.000000
103.424231 917494.000000
103.442273 917486.000000
103.460323 917478.000000
103.478264 917410.000000
103.495823 917402.000000
103.513313 917388.000000
103.530134 917376.000000
103.547310 917368.000000
103.564741 917360.000000
103.582076 917354.000000
103.600163 917350.000000
103.618216 917346.000000
103.636261 917342.000000
103.654070 917338.000000
103.671739 917314.000000
103.689784 917306.000000
103.707906 917254.000000
103.725745 917246.000000
103.743764 917242.000000
103.761391 917238.000000
103.778975 917234.000000
103.796620 917230.000000
103.813891 917228.000000
103.832302 917226.000000
103.850310 917224.000000
103.868264 917222.000000
103.885883 917220.000000
103.903410 917218.000000
103.920541 917216.000000
104.526102 917214.000000
104.544261 917206.000000
104.562329 917198.000000
104.579991 917194.000000
104.597596 917190.000000
104.615408 917186.000000
104.632546 917184.000000
104.650590 917182.000000
126.950896 917144.000000
126.968798 917008.000000
126.985740 916876.000000
127.003038 916766.000000
127.020803 916664.000000
127.038879 916582.000000
127.056644 916504.000000
127.074603 916428.000000
127.092598 916354.000000
127.110582 916286.000000
127.127740 916228.000000
127.144938 916178.000000
127.162739 916130.000000
127.180823 916086.000000
127.198599 916042.000000
127.216114 915998.000000
127.233676 915956.000000
127.251750 915914.000000
127.270020 915872.000000
127.288209 915832.000000
127.306033 915794.000000
127.324105 915740.000000
127.341690 915706.000000
127.359480 915672.000000
127.377097 915638.000000
127.394658 915604.000000
127.412110 915572.000000
127.429468 915542.000000
127.447539 915512.000000
127.465592 915474.000000
127.483329 915424.000000
127.501003 915386.000000
127.518296 915356.000000
127.536267 915326.000000
127.553984 915296.000000
127.571475 915268.000000
127.589536 915240.000000
127.607447 915214.000000
127.625521 915188.000000
127.643216 915162.000000
127.660452 915138.000000
127.678534 915114.000000
127.696574 915090.000000
127.714598 915066.000000
127.732431 915042.000000
127.750273 915018.000000
127.767404 914996.000000
127.785358 914974.000000
127.802807 914954.000000
127.820778 914916.000000
127.838423 914896.000000
127.856087 914854.000000
127.874111 914836.000000
127.892178 914818.000000
127.910168 914800.000000
127.927794 914782.000000
127.945222 914764.000000
127.962508 914746.000000
127.979730 914714.000000
127.997703 914686.000000
128.014682 914670.000000
128.033195 914654.000000
128.050966 914640.000000
128.068457 914628.000000
128.086567 914616.000000
128.104636 914604.000000
128.122736 914592.000000
128.140858 914580.000000
128.158699 914568.000000
128.176480 914556.000000
128.194290 914546.000000
128.212363 914536.000000
128.230370 914526.000000
128.247774 914504.000000
128.265881 914496.000000
128.283995 914488.000000
128.302182 914480.000000
128.318948 914464.000000
128.336629 914458.000000
128.354050 914452.000000
128.371197 914448.000000
128.389369 914444.000000
128.406384 914404.000000
128.424330 914398.000000
128.442514 914396.000000
128.459911 914394.000000
128.477416 914388.000000
128.801932 914294.000000
128.819902 914192.000000
128.837589 914160.000000
128.856113 914130.000000
128.874142 914108.000000
128.891967 914084.000000
128.910096 914068.000000
128.927830 914052.000000
128.944758 913970.000000
128.962817 913956.000000
128.980019 913944.000000
128.998169 913932.000000
129.016073 913922.000000
129.034046 913912.000000
129.052252 913906.000000
129.070695 913900.000000
129.087959 913896.000000
129.124349 913874.000000
129.142338 913870.000000
1800.005023 913870.000000
